Iteration: 1 bestvalit: 1.420893 bestmemit:    1.068248    1.133841    1.156114
Iteration: 2 bestvalit: 0.313598 bestmemit:    1.297752    0.864011    0.712207
Iteration: 3 bestvalit: 0.313598 bestmemit:    1.297752    0.864011    0.712207
