Iteration: 1 bestvalit: 1.209799 bestmemit:    1.408864    0.828872    0.774884
Iteration: 2 bestvalit: 1.209799 bestmemit:    1.408864    0.828872    0.774884
