Iteration: 1 bestvalit: 1.945252 bestmemit:    1.187083    1.090274    1.356666
Iteration: 2 bestvalit: 1.080945 bestmemit:    1.378801    1.123950    1.042573
