Iteration: 1 bestvalit: -1.243187 bestmemit:    0.727951    0.408974    0.264510
Iteration: 2 bestvalit: -1.243187 bestmemit:    0.727951    0.408974    0.264510
Iteration: 3 bestvalit: -1.243187 bestmemit:    0.727951    0.408974    0.264510
