Iteration: 1 bestvalit: 1.650388 bestmemit:    0.782158    1.090635    1.711516
Iteration: 2 bestvalit: 1.650388 bestmemit:    0.782158    1.090635    1.711516
