Iteration: 1 bestvalit: -0.310866 bestmemit:    1.061832    0.697931    0.699946
Iteration: 2 bestvalit: -0.310866 bestmemit:    1.061832    0.697931    0.699946
