INFLATION EXPECTATIONS; YEAR-ON-YEAR CHANGE IN HICP,,,,,,,,,,,,,,,
TARGET_PERIOD,FCT_SOURCE,POINT,T0_0,F0_0T0_4,F0_5T0_9,F1_0T1_4,F1_5T1_9,F2_0T2_4,F2_5T2_9,F3_0T3_4,F3_5,,,,
2002,1,2.1,0,0,0,0,30,50,20,0,0,,,,
2002,2,2.2,0,0,0,0,1,98,1,0,0,,,,
2002,3,2.1,0,0,0,0,30,70,0,0,0,,,,
2002,4,2.2,0,0,0,0,5,85,10,0,0,,,,
2002,5,,0,0,0,0,10,90,0,0,0,,,,
2002,7,2.2,,,,,,,,,,,,,
2002,10,2.21900257,.15449171,.61021776,3.16696402,9.80991013,19.7879798,26.0054602,22.2709779,12.42728811,5.76671037,,,,
2002,11,2.3,0,0,0,0,0,90,10,0,0,,,,
2002,14,2.1,0,0,0,0,0,100,0,0,0,,,,
2002,15,2.2,0,0,0,0,10,90,0,0,0,,,,
2002,16,2.1,0,0,1,5,40,45,8,1,0,,,,
2002,17,2.2,0,0,0,0,10,85,5,0,0,,,,
2002,19,2,0,0,0,0,0,100,0,0,0,,,,
2002,20,2.2,0,0,0,0,0,100,0,0,0,,,,
2002,22,2.2,0,0,0,0,10,75,15,0,0,,,,
2002,24,2.2,0,0,0,0,20,60,20,0,0,,,,
2002,26,2.3,0,0,0,0,2.5,95,2.5,0,0,,,,
2002,28,2.2,0,0,0,0,5,70,25,0,0,,,,
2002,29,2.2,0,0,0,0,10,85,5,0,0,,,,
2002,30,2.2,0,0,0,0,0,100,0,0,0,,,,
2002,31,2.2,0,0,0,0,0,100,0,0,0,,,,
2002,32,2.2,0,0,0,0,5,90,5,0,0,,,,
2002,33,2.2,0,0,0,0,0,100,0,0,0,,,,
2002,35,2.2,0,0,0,0,0,100,0,0,0,,,,
2002,36,2.2,0,0,0,0,35,45,15,5,0,,,,
2002,37,2.3,0,0,0,0,0,100,0,0,0,,,,
2002,41,2.2,0,0,0,0,0,100,0,0,0,,,,
2002,42,2.2,0,0,0,0,5,95,0,0,0,,,,
2002,45,2,0,0,0,0,55,45,0,0,0,,,,
2002,47,2.2,0,0,0,0,0,95,5,0,0,,,,
2002,48,2.2,0,0,0,0,5,90,5,0,0,,,,
2002,49,2.2,0,0,0,0,0,95,5,0,0,,,,
2002,52,2.2,0,0,0,0,20,80,0,0,0,,,,
2002,53,2.3,0,0,0,0,0,70,30,0,0,,,,
2002,54,2.4,0,0,0,0,5,85,10,0,0,,,,
2002,56,2.2,0,0,0,0,7,90,3,0,0,,,,
2002,59,2.3,0,0,0,0,20,75,5,0,0,,,,
2002,60,2.2,0,0,0,0,10,80,10,0,0,,,,
2002,61,2.2,0,0,0,0,30,70,0,0,0,,,,
2002,63,2.3,0,0,0,0,0,100,0,0,0,,,,
2002,64,2.1,,,,,,,,,,,,,
2002,66,2.2,,,,,,,,,,,,,
2002,67,2.2,0,0,0,0,25,50,25,0,0,,,,
2002,68,2.1,1,2,3,8,32,38,12,3,1,,,,
2002,70,2.2,0,0,0,0,0,80,20,0,0,,,,
2002,71,2.2,0,0,0,0,5,85,10,0,0,,,,
2002,72,2.2,0,0,0,0,3,95,2,0,0,,,,
2002,73,2,0,0,0,0,10,90,0,0,0,,,,
2002,76,2.3,0,0,0,0,20,50,30,0,0,,,,
2002,80,2.3,0,0,.00002442,.0767905,9.52851359,61.58716899,28.03659908,.76999236,.00091107,,,,
2002,84,2.2,0,0,0,0,0,100,0,0,0,,,,
2002,85,2.3,0,0,0,0,5,90,5,0,0,,,,
2002,87,2.3,0,0,0,0,15,70,15,0,0,,,,
2002,89,2.2,0,0,0,0,35,50,15,0,0,,,,
2002,90,2.3,0,0,0,0,0,90,10,0,0,,,,
2002,91,2.1,0,.1,9,53.9,34.7,2.3,0,0,0,,,,
2002,92,2.3,0,0,0,0,.0031686,84.1313314,15.8655,0,0,,,,
2002,93,2.2,0,0,0,0,25,45,30,0,0,,,,
2002,94,2.2,0,0,0,0,30,60,10,0,0,,,,
2002,95,2.1,0,0,0,12,29,36,20,3,0,,,,
2002,96,2.3,0,0,0,0,0,90,10,0,0,,,,
2003,1,1.8,0,0,0,20,35,25,15,5,0,,,,
2003,2,2,0,0,0,10,30,40,20,0,0,,,,
2003,3,2,0,0,0,10,40,40,10,0,0,,,,
2003,4,1.7,0,0,0,10,60,20,10,0,0,,,,
2003,5,,0,0,0,5,80,15,0,0,0,,,,
2003,7,1.8,,,,,,,,,,,,,
2003,10,1.92902084,.50552676,1.56849301,6.42872539,15.52652422,24.42742444,25.04220533,16.72885273,7.28008562,2.49216251,,,,
2003,11,1.7,0,0,0,20,60,20,0,0,0,,,,
2003,14,1.7,0,0,0,10,80,10,0,0,0,,,,
2003,15,1.7,0,0,0,10,60,30,0,0,0,,,,
2003,16,1.6,0,2,10,23,24,18,15,5,3,,,,
2003,17,1.8,0,0,5,20,40,30,5,0,0,,,,
2003,19,1.8,0,0,0,0,50,50,0,0,0,,,,
2003,20,1.7,0,0,0,0,80,20,0,0,0,,,,
2003,22,1.7,0,0,5,25,50,15,5,0,0,,,,
2003,24,1.6,0,0,10,20,40,25,5,0,0,,,,
2003,26,1.7,0,0,5,20,50,20,5,0,0,,,,
2003,28,1.5,0,0,0,30,40,25,5,0,0,,,,
2003,29,1.6,0,0,0,20,70,10,0,0,0,,,,
2003,30,1.8,0,0,0,15,60,25,0,0,0,,,,
2003,31,1.8,0,0,0,10,60,30,0,0,0,,,,
2003,32,1.7,0,0,5,20,55,15,5,0,0,,,,
2003,33,1.8,0,0,0,0,70,30,0,0,0,,,,
2003,35,,,,,,,,,,,,,,
2003,36,2,0,0,0,10,30,35,15,10,0,,,,
2003,37,1.8,0,0,0,0,70,30,0,0,0,,,,
2003,41,1.7,0,0,0,0,80,20,0,0,0,,,,
2003,42,1.8,0,0,0,15,65,20,0,0,0,,,,
2003,45,1.6,0,0,0,0,100,0,0,0,0,,,,
2003,47,2,0,0,0,0,20,70,10,0,0,,,,
2003,48,1.8,0,0,0,3,90,7,0,0,0,,,,
2003,49,1.5,0,0,0,10,40,30,20,0,0,,,,
2003,52,1.7,0,0,0,30,60,10,0,0,0,,,,
2003,53,1.8,0,0,0,0,70,30,0,0,0,,,,
2003,54,1.6,0,0,0,10,40,20,20,10,0,,,,
2003,56,1.8,0,0,0,10,60,30,0,0,0,,,,
2003,59,1.6,0,0,0,20,50,20,10,0,0,,,,
2003,60,1.9,0,0,0,20,35,25,15,5,0,,,,
2003,61,1.9,0,0,0,25,40,25,10,0,0,,,,
2003,63,1.7,0,0,0,10,60,30,0,0,0,,,,
2003,64,1.8,,,,,,,,,,,,,
2003,66,2.1,,,,,,,,,,,,,
2003,67,2.5,0,0,0,0,10,25,35,25,5,,,,
2003,68,1.7,1,1,4,15,39,25,10,4,1,,,,
2003,70,1.8,0,0,0,10,50,40,0,0,0,,,,
2003,71,1.8,0,0,5,10,50,25,10,0,0,,,,
2003,72,1.8,0,1,8,25,30,25,10,1,0,,,,
2003,73,1.7,0,0,0,10,70,20,0,0,0,,,,
2003,76,1.8,0,1.25,5,20,40,25,7.5,1.25,0,,,,
2003,80,1.7,.00293468,.15366197,3.65733689,23.91545546,44.54122199,23.91545546,3.65733689,.15483085,.0017658,,,,
2003,84,2.1,0,0,0,0,35,40,20,5,0,,,,
2003,85,2.2,0,0,0,5,20,50,20,5,0,,,,
2003,87,2,0,0,0,15,35,40,10,0,0,,,,
2003,89,2,0,0,5,15,30,40,10,0,0,,,,
2003,90,2.1,0,0,0,0,20,80,0,0,0,,,,
2003,91,2.2,.2,3.6,21.5,41.9,26.8,5.6,.4,0,0,,,,
2003,92,2.1,.00133536,.03236133,.78602235,7.25560603,26.38103114,38.11561349,21.94444417,5.01360447,.46998167,,,,
2003,93,1.8,0,0,0,20,50,30,0,0,0,,,,
2003,94,1.9,0,0,10,25,30,25,10,0,0,,,,
2003,95,1.8,1,4,11,22,24,21,12,5,0,,,,
2003,96,2.1,0,0,0,2,20,35,28,10,5,,,,
2003Sep,1,1.6,0,0,5,20,30,25,15,5,0,,,,
2003Sep,2,2,0,0,0,10,30,40,20,0,0,,,,
2003Sep,3,2,0,0,0,10,40,40,10,0,0,,,,
2003Sep,4,1.7,0,0,0,10,60,20,10,0,0,,,,
2003Sep,5,,0,0,0,15,75,10,0,0,0,,,,
2003Sep,7,1.8,,,,,,,,,,,,,
2003Sep,10,1.9,.5649194,1.7100868,6.84612199,16.12811854,24.75075324,24.75075329,16.12811854,6.84612199,2.2750062,,,,
2003Sep,11,1.7,0,0,0,20,60,20,0,0,0,,,,
2003Sep,14,1.5,,,,,,,,,,,,,
2003Sep,15,1.7,0,0,0,15,55,20,10,0,0,,,,
2003Sep,16,1.6,0,2,10,23,24,18,15,5,3,,,,
2003Sep,17,1.7,,,,,,,,,,,,,
2003Sep,19,1.8,0,0,0,0,75,25,0,0,0,,,,
2003Sep,20,1.8,0,0,0,0,70,30,0,0,0,,,,
2003Sep,22,1.7,0,0,5,25,45,20,5,0,0,,,,
2003Sep,24,1.3,0,5,15,35,30,10,5,0,0,,,,
2003Sep,26,1.7,0,0,5,25,40,25,5,0,0,,,,
2003Sep,28,1.3,0,10,20,40,20,10,0,0,0,,,,
2003Sep,29,1.5,0,0,0,20,70,10,0,0,0,,,,
2003Sep,30,,,,,,,,,,,,,,
2003Sep,31,2,,,,,,,,,,,,,
2003Sep,32,1.9,0,0,5,20,45,25,5,0,0,,,,
2003Sep,33,2,0,0,0,0,50,50,0,0,0,,,,
2003Sep,35,2.3,0,0,0,0,20,60,20,0,0,,,,
2003Sep,36,1.8,0,0,0,10,35,30,15,10,0,,,,
2003Sep,37,1.8,0,0,0,0,60,40,0,0,0,,,,
2003Sep,41,1.8,,,,,,,,,,,,,
2003Sep,42,1.7,0,0,0,15,70,15,0,0,0,,,,
2003Sep,45,,,,,,,,,,,,,,
2003Sep,47,2.1,0,0,0,0,20,70,10,0,0,,,,
2003Sep,48,,,,,,,,,,,,,,
2003Sep,49,1.3,0,10,10,40,20,10,10,0,0,,,,
2003Sep,52,1.6,0,0,10,30,40,20,0,0,0,,,,
2003Sep,53,1.9,0,0,0,0,70,30,0,0,0,,,,
2003Sep,54,1.7,0,0,0,10,40,20,20,10,0,,,,
2003Sep,56,1.6,0,0,5,30,50,15,0,0,0,,,,
2003Sep,59,1.7,0,0,0,10,45,35,10,0,0,,,,
2003Sep,60,1.8,0,0,5,20,30,25,15,5,0,,,,
2003Sep,61,2,0,0,0,25,40,25,10,0,0,,,,
2003Sep,63,,,,,,,,,,,,,,
2003Sep,64,,,,,,,,,,,,,,
2003Sep,66,,,,,,,,,,,,,,
2003Sep,67,2.3,,,,,,,,,,,,,
2003Sep,68,,,,,,,,,,,,,,
2003Sep,70,1.8,0,0,0,10,60,30,0,0,0,,,,
2003Sep,71,1.8,0,5,10,20,30,20,10,5,0,,,,
2003Sep,72,1.7,1,6,12,17,25,17,12,8,2,,,,
2003Sep,73,1.7,,,,,,,,,,,,,
2003Sep,76,1.7,0,2.5,10,20,35,20,10,2.5,0,,,,
2003Sep,80,1.7,,,,,,,,,,,,,
2003Sep,84,1.9,0,0,1,14,35,32,15,3,0,,,,
2003Sep,85,2.3,0,0,0,5,20,50,20,5,0,,,,
2003Sep,87,1.9,0,0,0,15,35,35,15,0,0,,,,
2003Sep,89,1.8,0,0,5,15,40,30,10,0,0,,,,
2003Sep,90,2.1,0,0,0,0,20,80,0,0,0,,,,
2003Sep,91,2.3,.1,3.9,26.8,46.5,20.4,2.2,.1,0,0,,,,
2003Sep,92,2.1,.13500208,.62295203,3.56604047,11.5422194,22.89013006,27.83505258,20.7577341,9.49072708,3.16014221,,,,
2003Sep,93,1.8,0,0,0,20,50,30,0,0,0,,,,
2003Sep,94,1.8,0,0,10,20,30,30,10,0,0,,,,
2003Sep,95,1.8,1,2,10,19,28,25,12,3,0,,,,
2003Sep,96,2.1,0,0,0,2,25,35,23,10,5,,,,
2004,1,2,0,0,10,15,25,25,15,10,0,,,,
2004,2,2,2.5,5,7.5,15,25,25,10,7.5,2.5,,,,
2004,3,,,,,,,,,,,,,,
2004,4,1.8,0,0,0,0,60,40,0,0,0,,,,
2004,5,,0,0,0,10,80,10,0,0,0,,,,
2004,7,,,,,,,,,,,,,,
2004,10,2,.38304251,1.26182117,5.47847772,14.06219199,23.5109516,25.61337451,18.18316733,8.40957197,3.09740121,,,,
2004,11,1.8,0,0,0,20,70,10,0,0,0,,,,
2004,14,1.7,0,0,0,25,50,25,0,0,0,,,,
2004,15,1.7,0,0,10,10,40,30,10,0,0,,,,
2004,16,1.8,0,2,12,21,23,19,15,5,3,,,,
2004,17,1.5,0,5,10,20,30,20,10,5,0,,,,
2004,19,2,0,0,0,0,75,25,0,0,0,,,,
2004,20,2,0,0,0,0,50,50,0,0,0,,,,
2004,22,1.9,0,0,5,20,35,30,10,0,0,,,,
2004,24,1.7,0,0,5,20,40,30,5,0,0,,,,
2004,26,1.8,0,5,10,20,30,20,15,0,0,,,,
2004,28,,0,0,5,30,35,25,5,0,0,,,,
2004,29,,,,,,,,,,,,,,
2004,30,2,0,0,0,0,50,50,0,0,0,,,,
2004,31,1.8,0,0,5,20,45,25,5,0,0,,,,
2004,32,,,,,,,,,,,,,,
2004,33,1.8,0,0,0,0,70,30,0,0,0,,,,
2004,35,,,,,,,,,,,,,,
2004,36,1.8,0,0,5,10,35,25,15,10,0,,,,
2004,37,2,0,0,0,0,50,50,0,0,0,,,,
2004,41,1.9,0,0,0,0,80,20,0,0,0,,,,
2004,42,1.6,0,0,0,25,65,10,0,0,0,,,,
2004,45,,,,,,,,,,,,,,
2004,47,,,,,,,,,,,,,,
2004,48,,,,,,,,,,,,,,
2004,49,1.8,0,10,10,20,30,20,10,0,0,,,,
2004,52,1.7,0,0,0,20,50,20,10,0,0,,,,
2004,53,2,0,0,0,0,50,50,0,0,0,,,,
2004,54,1.5,0,0,10,40,40,10,0,0,0,,,,
2004,56,,,,,,,,,,,,,,
2004,59,1.9,0,0,0,10,45,35,10,0,0,,,,
2004,60,1.9,0,0,5,15,35,25,15,5,0,,,,
2004,61,1.7,0,0,0,25,50,25,0,0,0,,,,
2004,63,1.7,0,0,0,20,60,20,0,0,0,,,,
2004,64,2,,,,,,,,,,,,,
2004,66,2,,,,,,,,,,,,,
2004,67,2.8,0,0,0,0,10,25,35,25,5,,,,
2004,68,,,,,,,,,,,,,,
2004,70,1.9,0,0,0,0,55,45,0,0,0,,,,
2004,71,1.8,0,5,10,20,30,20,10,5,0,,,,
2004,72,1.6,5,6,10,17,20,17,12,8,5,,,,
2004,73,1.5,0,0,0,5,80,15,0,0,0,,,,
2004,76,1.7,1,4,7.5,22.5,30,22.5,7.5,4,1,,,,
2004,80,1.6,,,,,,,,,,,,,
2004,84,2,0,0,5,13,32,35,10,4,1,,,,
2004,85,,,,,,,,,,,,,,
2004,87,1.75,0,0,5,15,40,25,10,5,0,,,,
2004,89,2,0,0,5,20,40,25,5,5,0,,,,
2004,90,1.9,0,0,0,0,80,20,0,0,0,,,,
2004,91,2,.1002004,2.10420842,13.62725451,34.16833667,34.16833667,13.62725451,2.10420842,.1002004,0,,,,
2004,92,2,1.31341919,2.45860721,7.30915116,14.16809918,20.32724229,21.58805112,16.97051879,9.87486912,5.99004193,,,,
2004,93,2,0,0,0,10,40,40,10,0,0,,,,
2004,94,2.2,0,0,0,10,25,30,25,10,0,,,,
2004,95,1.6,1,4,13,26,29,19,7,1,0,,,,
2004,96,2,0,0,0,2,25,30,28,10,5,,,,
2004Sep,1,2.2,0,0,5,15,20,25,20,15,0,,,,
2004Sep,2,2,2.5,5,7.5,15,25,25,10,7.5,2.5,,,,
2004Sep,3,,,,,,,,,,,,,,
2004Sep,4,1.8,0,0,0,0,60,40,0,0,0,,,,
2004Sep,5,,0,0,0,10,75,15,0,0,0,,,,
2004Sep,7,,,,,,,,,,,,,,
2004Sep,10,2,.38304251,1.26182117,5.47847772,14.06219199,23.5109516,25.61337451,18.18316733,8.40957197,3.09740121,,,,
2004Sep,11,1.8,0,0,0,20,70,10,0,0,0,,,,
2004Sep,14,1.7,,,,,,,,,,,,,
2004Sep,15,1.7,0,0,0,10,50,30,10,0,0,,,,
2004Sep,16,1.8,0,3,12,18,20,18,16,10,3,,,,
2004Sep,17,1.4,,,,,,,,,,,,,
2004Sep,19,2,0,0,0,0,50,50,0,0,0,,,,
2004Sep,20,2,0,0,0,0,50,50,0,0,0,,,,
2004Sep,22,2,0,0,5,20,40,25,10,0,0,,,,
2004Sep,24,1.8,0,0,5,10,50,30,5,0,0,,,,
2004Sep,26,1.8,0,5,12.5,20,25,20,15,2.5,0,,,,
2004Sep,28,,0,0,5,30,35,25,5,0,0,,,,
2004Sep,29,,,,,,,,,,,,,,
2004Sep,30,,,,,,,,,,,,,,
2004Sep,31,1.8,0,0,5,20,45,25,5,0,0,,,,
2004Sep,32,,,,,,,,,,,,,,
2004Sep,33,1.8,0,0,0,0,70,30,0,0,0,,,,
2004Sep,35,,,,,,,,,,,,,,
2004Sep,36,1.7,0,0,5,15,35,25,15,5,0,,,,
2004Sep,37,2,0,0,0,0,50,50,0,0,0,,,,
2004Sep,41,1.9,,,,,,,,,,,,,
2004Sep,42,1.5,0,0,0,42.85714286,52.38095238,4.76190476,0,0,0,,,,
2004Sep,45,,,,,,,,,,,,,,
2004Sep,47,,,,,,,,,,,,,,
2004Sep,48,,,,,,,,,,,,,,
2004Sep,49,1.6,0,0,10,15,30,20,15,10,0,,,,
2004Sep,52,1.7,0,0,10,25,30,25,10,0,0,,,,
2004Sep,53,2,0,0,0,0,50,50,0,0,0,,,,
2004Sep,54,1.5,0,0,10,40,40,10,0,0,0,,,,
2004Sep,56,,,,,,,,,,,,,,
2004Sep,59,1.9,0,0,0,10,40,40,10,0,0,,,,
2004Sep,60,1.9,0,0,5,15,35,25,15,5,0,,,,
2004Sep,61,1.6,0,0,0,30,50,20,0,0,0,,,,
2004Sep,63,,,,,,,,,,,,,,
2004Sep,64,,,,,,,,,,,,,,
2004Sep,66,,,,,,,,,,,,,,
2004Sep,67,2.6,,,,,,,,,,,,,
2004Sep,68,,,,,,,,,,,,,,
2004Sep,70,1.9,0,0,0,33.33333333,44.44444444,22.22222222,0,0,0,,,,
2004Sep,71,1.8,0,5,10,20,30,20,10,5,0,,,,
2004Sep,72,1.6,6,6,10,15,18,15,12,8,10,,,,
2004Sep,73,1.3,,,,,,,,,,,,,
2004Sep,76,1.9,.5,1.5,5,15,30,25,15,5,3,,,,
2004Sep,80,1.6,,,,,,,,,,,,,
2004Sep,84,1.9,0,0,5,13,32,35,10,4,1,,,,
2004Sep,85,,,,,,,,,,,,,,
2004Sep,87,1.75,0,0,5,15,40,25,10,5,0,,,,
2004Sep,89,2.3,0,0,5,10,20,40,20,5,0,,,,
2004Sep,90,1.9,0,0,0,0,80,20,0,0,0,,,,
2004Sep,91,1.9,0,.7,8.4,32.1,40.1,16.4,2.2,.1,0,,,,
2004Sep,92,2,3.45165158,3.83776498,8.57540126,13.40582355,17.10536447,17.81493396,15.14304885,10.50644822,10.15956314,,,,
2004Sep,93,2,0,0,0,10,40,40,10,0,0,,,,
2004Sep,94,2.6,0,0,0,0,10,25,30,25,10,,,,
2004Sep,95,1.6,0,3,15,23,27,19,8,5,0,,,,
2004Sep,96,1.9,0,0,0,2,35,28,20,10,5,,,,
2007,1,2.1,0,5,10,15,20,20,15,10,5,,,,
2007,2,2,2.5,5,7.5,15,25,25,10,7.5,2.5,,,,
2007,3,2,0,0,0,20,30,30,20,0,0,,,,
2007,4,1.8,0,0,0,0,60,40,0,0,0,,,,
2007,5,,0,0,0,10,80,10,0,0,0,,,,
2007,7,,,,,,,,,,,,,,
2007,10,2,.38304251,1.26182117,5.47847772,14.06219199,23.5109516,25.61337451,18.18316733,8.40957197,3.09740121,,,,
2007,11,1.8,0,0,0,20,70,10,0,0,0,,,,
2007,14,1.5,,,,,,,,,,,,,
2007,15,1.8,0,5,10,30,45,5,5,0,0,,,,
2007,16,2.3,5,7,9,11,15,18,14,12,9,,,,
2007,17,1.5,,,,,,,,,,,,,
2007,19,2,0,0,0,0,50,50,0,0,0,,,,
2007,20,2,0,0,0,0,50,50,0,0,0,,,,
2007,22,1.7,0,0,10,30,30,20,10,0,0,,,,
2007,24,1.8,0,0,5,10,50,30,5,0,0,,,,
2007,26,1.8,2.5,5,15,17.5,22.5,17.5,15,5,0,,,,
2007,28,1.5,0,0,5,30,35,25,5,0,0,,,,
2007,29,,,,,,,,,,,,,,
2007,30,,,,,,,,,,,,,,
2007,31,1.8,0,0,10,20,40,20,10,0,0,,,,
2007,32,,,,,,,,,,,,,,
2007,33,1.8,0,0,0,0,70,30,0,0,0,,,,
2007,35,,,,,,,,,,,,,,
2007,36,2,0,5,10,15,25,30,10,5,0,,,,
2007,37,2,0,0,0,0,50,50,0,0,0,,,,
2007,41,1.8,,,,,,,,,,,,,
2007,42,1.5,0,0,0,45,55,0,0,0,0,,,,
2007,45,,,,,,,,,,,,,,
2007,47,,,,,,,,,,,,,,
2007,48,,,,,,,,,,,,,,
2007,49,1.9,0,0,0,15,30,30,15,10,0,,,,
2007,52,1.7,0,10,15,15,20,15,15,10,0,,,,
2007,53,1.9,0,0,0,0,50,50,0,0,0,,,,
2007,54,1.5,0,0,10,40,40,10,0,0,0,,,,
2007,56,1.8,0,0,0,5,50,40,5,0,0,,,,
2007,59,2,0,0,0,10,40,40,10,0,0,,,,
2007,60,2.2,0,0,10,15,25,25,15,10,0,,,,
2007,61,,,,,,,,,,,,,,
2007,63,1.7,0,0,0,30,60,10,0,0,0,,,,
2007,64,,,,,,,,,,,,,,
2007,66,,,,,,,,,,,,,,
2007,67,2,,,,,,,,,,,,,
2007,68,1.6,1,1,5,25,35,25,5,2,1,,,,
2007,70,2,0,0,0,0,40,50,10,0,0,,,,
2007,71,1.8,0,0,10,20,40,20,10,0,0,,,,
2007,72,1.6,6,6,10,15,18,15,12,8,10,,,,
2007,73,,,,,,,,,,,,,,
2007,76,2,0,1,4,7.5,22.5,30,22.5,7.5,5,,,,
2007,80,1.8,,,,,,,,,,,,,
2007,84,1.8,0,0,3,10,40,25,15,5,2,,,,
2007,85,2,,,,,,,,,,,,,
2007,87,1.75,0,0,5,15,40,25,10,5,0,,,,
2007,89,1.8,0,0,5,5,40,25,10,10,5,,,,
2007,90,2,0,0,0,0,15,80,5,0,0,,,,
2007,91,2,.5988024,4.19161677,15.46906188,29.74051896,29.74051896,15.46906188,4.19161677,.5988024,0,,,,
2007,92,,,,,,,,,,,,,,
2007,93,2,0,0,0,0,50,50,0,0,0,,,,
2007,94,2.3,0,0,0,10,25,30,25,10,0,,,,
2007,95,1.6,4,7,13,20,24,18,10,4,0,,,,
2007,96,,,,,,,,,,,,,,
,,,,,,,,,,,,,,,
GROWTH EXPECTATIONS; YEAR-ON-YEAR CHANGE IN REAL GDP,,,,,,,,,,,,,,,
TARGET_PERIOD,FCT_SOURCE,POINT,T0_0,F0_0T0_4,F0_5T0_9,F1_0T1_4,F1_5T1_9,F2_0T2_4,F2_5T2_9,F3_0T3_4,F3_5T3_9,F4_0,,,
2002,1,.8,0,15,60,25,0,0,0,0,0,0,,,
2002,2,.7,0,0,90,10,0,0,0,0,0,0,,,
2002,3,.8,0,0,80,20,0,0,0,0,0,0,,,
2002,4,.7,0,15,80,5,0,0,0,0,0,0,,,
2002,5,1.1,0,0,30,70,0,0,0,0,0,0,,,
2002,7,.8,,,,,,,,,,,,,
2002,10,.81132475,5.23321675,15.30214446,36.50298415,31.00886695,10.48007164,1.39839587,.07284465,.00146424,.00001124,.00000003,,,
2002,11,.6,0,30,70,0,0,0,0,0,0,0,,,
2002,14,.8,0,15,70,15,0,0,0,0,0,0,,,
2002,15,1,0,0,50,50,0,0,0,0,0,0,,,
2002,16,.7,0,24,40,22,10,3,1,0,0,0,,,
2002,17,.7,5,20,40,30,5,0,0,0,0,0,,,
2002,19,.9,0,0,75,25,0,0,0,0,0,0,,,
2002,20,.8,0,0,100,0,0,0,0,0,0,0,,,
2002,22,.7,0,10,80,10,0,0,0,0,0,0,,,
2002,24,.8,0,0,80,20,0,0,0,0,0,0,,,
2002,26,.6,0,10,80,10,0,0,0,0,0,0,,,
2002,28,.7,0,20,60,20,0,0,0,0,0,0,,,
2002,29,.8,0,5,90,5,0,0,0,0,0,0,,,
2002,30,,0,0,100,0,0,0,0,0,0,0,,,
2002,31,.7,0,0,100,0,0,0,0,0,0,0,,,
2002,32,.8,0,20,60,20,0,0,0,0,0,0,,,
2002,33,.8,0,0,90,10,0,0,0,0,0,0,,,
2002,35,1,0,0,20,80,0,0,0,0,0,0,,,
2002,36,1,0,5,20,40,35,0,0,0,0,0,,,
2002,37,.8,0,0,100,0,0,0,0,0,0,0,,,
2002,41,.8,0,0,90,10,0,0,0,0,0,0,,,
2002,42,.8,0,0,90,10,0,0,0,0,0,0,,,
2002,45,1,0,0,0,100,0,0,0,0,0,0,,,
2002,47,.7,0,0,100,0,0,0,0,0,0,0,,,
2002,48,.7,0,9,90,1,0,0,0,0,0,0,,,
2002,49,.7,0,5,90,5,0,0,0,0,0,0,,,
2002,52,.7,0,5,90,5,0,0,0,0,0,0,,,
2002,53,.7,0,5,90,5,0,0,0,0,0,0,,,
2002,54,.7,0,10,80,10,0,0,0,0,0,0,,,
2002,56,.9,0,5,90,5,0,0,0,0,0,0,,,
2002,59,.8,0,10,65,25,0,0,0,0,0,0,,,
2002,60,.8,0,0,65,30,5,0,0,0,0,0,,,
2002,61,.7,0,10,80,10,0,0,0,0,0,0,,,
2002,63,.7,0,0,100,0,0,0,0,0,0,0,,,
2002,64,.8,,,,,,,,,,,,,
2002,66,.7,,,,,,,,,,,,,
2002,67,1.1,0,15,25,50,10,0,0,0,0,0,,,
2002,68,.9,1,3,25,37,20,10,1,1,1,1,,,
2002,70,.8,0,10,50,40,0,0,0,0,0,0,,,
2002,71,.8,0,5,85,10,0,0,0,0,0,0,,,
2002,72,.9,0,5,70,25,0,0,0,0,0,0,,,
2002,73,1.7,0,0,0,5,90,5,0,0,0,0,,,
2002,76,.9,0,10,55,35,0,0,0,0,0,0,,,
2002,80,.9,1.13796296,12.896054,40.73651565,35.86304753,8.77493009,.58136036,.01008483,.00004452,.00000005,0,,,
2002,84,.8,0,5,75,20,0,0,0,0,0,0,,,
2002,85,.8,0,10,80,10,0,0,0,0,0,0,,,
2002,87,.8,0,20,50,30,0,0,0,0,0,0,,,
2002,89,.8,0,5,50,40,5,0,0,0,0,0,,,
2002,90,.8,0,5,90,5,0,0,0,0,0,0,,,
2002,91,.8,0,0,0,0,.4,5.6,26.8,41.9,21.5,3.8,,,
2002,92,.9,.620966,7.622334,41.7567,41.7567,7.9696,.2722,.0015,0,0,0,,,
2002,93,1.2,0,0,10,90,0,0,0,0,0,0,,,
2002,94,1,0,0,40,60,0,0,0,0,0,0,,,
2002,95,.9,0,0,65,35,0,0,0,0,0,0,,,
2002,96,.7,0,0,95,5,0,0,0,0,0,0,,,
2003,1,1.8,0,0,10,25,35,20,10,0,0,0,,,
2003,2,1.3,0,0,25,50,25,0,0,0,0,0,,,
2003,3,1.8,0,0,0,30,40,20,10,0,0,0,,,
2003,4,1.7,0,0,0,20,60,20,0,0,0,0,,,
2003,5,2,0,0,0,20,40,30,10,0,0,0,,,
2003,7,2,,,,,,,,,,,,,
2003,10,1.79794873,.0161675,.2426176,3.36675101,17.67903945,36.78175374,30.48616724,10.05165161,1.30810337,.06643707,.00131142,,,
2003,11,.5,5,40,50,5,0,0,0,0,0,0,,,
2003,14,1.8,0,0,10,20,50,20,0,0,0,0,,,
2003,15,2.25,0,0,0,10,20,40,30,0,0,0,,,
2003,16,1.3,3,10,22,25,21,10,5,3,1,0,,,
2003,17,2,0,5,10,20,25,25,10,5,0,0,,,
2003,19,2.5,0,0,0,0,0,40,60,0,0,0,,,
2003,20,1.7,0,0,0,30,70,0,0,0,0,0,,,
2003,22,1.4,0,5,15,40,30,10,0,0,0,0,,,
2003,24,1.5,0,5,10,30,40,10,5,0,0,0,,,
2003,26,.5,10,30,50,10,0,0,0,0,0,0,,,
2003,28,1.8,0,0,10,30,40,20,0,0,0,0,,,
2003,29,1.3,0,0,10,60,30,0,0,0,0,0,,,
2003,30,,0,0,0,15,30,55,0,0,0,0,,,
2003,31,1.7,0,0,0,30,50,20,0,0,0,0,,,
2003,32,2.2,0,5,5,10,20,40,15,5,0,0,,,
2003,33,1.8,0,0,0,0,60,40,0,0,0,0,,,
2003,35,,,,,,,,,,,,,,
2003,36,1.8,0,0,0,35,40,25,0,0,0,0,,,
2003,37,1.5,0,0,0,50,50,0,0,0,0,0,,,
2003,41,1.8,0,0,0,20,60,20,0,0,0,0,,,
2003,42,1.8,0,0,0,20,70,10,0,0,0,0,,,
2003,45,2.5,0,0,0,0,0,25,75,0,0,0,,,
2003,47,1.5,0,0,0,40,60,0,0,0,0,0,,,
2003,48,1.8,0,0,0,6,90,4,0,0,0,0,,,
2003,49,1.8,0,10,20,25,30,10,5,0,0,0,,,
2003,52,1.6,0,0,10,20,60,10,0,0,0,0,,,
2003,53,1.8,0,0,0,20,70,10,0,0,0,0,,,
2003,54,2.1,0,0,0,10,20,50,20,0,0,0,,,
2003,56,2,0,0,0,10,40,40,10,0,0,0,,,
2003,59,1.8,0,0,5,25,40,25,5,0,0,0,,,
2003,60,2.5,0,0,0,10,15,30,25,15,5,0,,,
2003,61,1.7,0,0,10,20,45,25,0,0,0,0,,,
2003,63,1.4,0,0,10,70,20,0,0,0,0,0,,,
2003,64,2,,,,,,,,,,,,,
2003,66,1.5,,,,,,,,,,,,,
2003,67,2,0,10,15,20,25,25,5,0,0,0,,,
2003,68,2.4,1,1,2,4,17,24,23,19,8,1,,,
2003,70,1.2,0,0,30,40,30,0,0,0,0,0,,,
2003,71,2,1,4,15,20,24,20,10,4,2,0,,,
2003,72,2,0,6,13,17,23,23,12,5,1,0,,,
2003,73,2,0,0,0,5,30,60,5,0,0,0,,,
2003,76,2.3,2,3,7,11,16,18,17,12,8,6,,,
2003,80,2.1,4.1190277,5.00633928,8.51616156,12.33239013,15.20315847,15.95539202,14.25506925,10.84216102,7.02013475,6.75016581,,,
2003,84,1.6,0,5,15,25,35,15,5,0,0,0,,,
2003,85,1.7,0,0,5,25,50,15,5,0,0,0,,,
2003,87,1.9,0,5,10,30,35,15,5,0,0,0,,,
2003,89,2,0,0,5,15,25,30,20,5,0,0,,,
2003,90,2.1,0,0,0,0,25,75,0,0,0,0,,,
2003,91,1.9,.4,1.8,6.2,14.2,22.5,24.1,17.8,9,3.1,.9,,,
2003,92,1.9,3.3856685,4.07535264,9.35356737,14.72041521,18.46674634,18.46674634,14.72041521,9.35352737,4.73746581,2.7200952,,,
2003,93,2,0,0,0,5,45,45,5,0,0,0,,,
2003,94,2.4,0,0,0,10,25,30,25,10,0,0,,,
2003,95,2,1,2,6,14,23,28,16,8,2,0,,,
2003,96,1.6,0,15,25,50,10,0,0,0,0,0,,,
2003Q2,1,1.4,0,0,15,35,35,15,0,0,0,0,,,
2003Q2,2,1.2,0,0,30,50,20,0,0,0,0,0,,,
2003Q2,3,1.7,0,0,10,30,30,20,10,0,0,0,,,
2003Q2,4,1.4,0,0,0,60,40,0,0,0,0,0,,,
2003Q2,5,2.4,0,0,0,10,35,40,15,0,0,0,,,
2003Q2,7,1.9,,,,,,,,,,,,,
2003Q2,10,1.7,.03369808,.4324241,5.01380677,21.94537755,38.11686316,26.38215922,7.25591824,.7860548,.03315639,.0005417,,,
2003Q2,11,0,50,45,5,0,0,0,0,0,0,0,,,
2003Q2,14,1.8,,,,,,,,,,,,,
2003Q2,15,2,0,0,5,15,20,40,15,5,0,0,,,
2003Q2,16,1.1,4,11,20,22,19,11,6,4,2,1,,,
2003Q2,17,3,,,,,,,,,,,,,
2003Q2,19,2.5,0,0,0,0,0,40,60,0,0,0,,,
2003Q2,20,1.8,0,0,0,0,65,35,0,0,0,0,,,
2003Q2,22,1.4,0,5,15,40,30,10,0,0,0,0,,,
2003Q2,24,1.5,0,5,10,30,40,10,5,0,0,0,,,
2003Q2,26,.15,20,40,25,15,0,0,0,0,0,0,,,
2003Q2,28,1.7,0,0,10,30,40,20,0,0,0,0,,,
2003Q2,29,1.3,0,0,10,60,30,0,0,0,0,0,,,
2003Q2,30,,,,,,,,,,,,,,
2003Q2,31,1.5,0,0,0,45,55,0,0,0,0,0,,,
2003Q2,32,1.9,0,5,10,15,35,30,5,0,0,0,,,
2003Q2,33,1.9,0,0,0,0,50,50,0,0,0,0,,,
2003Q2,35,2,0,0,10,10,20,40,20,0,0,0,,,
2003Q2,36,1.5,0,0,10,35,45,10,0,0,0,0,,,
2003Q2,37,1.4,0,0,0,50,50,0,0,0,0,0,,,
2003Q2,41,1.7,,,,,,,,,,,,,
2003Q2,42,1.7,0,0,0,15,80,5,0,0,0,0,,,
2003Q2,45,,,,,,,,,,,,,,
2003Q2,47,1.3,0,0,10,90,0,0,0,0,0,0,,,
2003Q2,48,1.6,0,0,0,10,90,0,0,0,0,0,,,
2003Q2,49,1.7,0,10,20,25,30,10,5,0,0,0,,,
2003Q2,52,1.6,0,0,10,40,40,10,0,0,0,0,,,
2003Q2,53,1.5,0,0,0,20,70,10,0,0,0,0,,,
2003Q2,54,.7,0,10,80,10,0,0,0,0,0,0,,,
2003Q2,56,2,0,0,0,10,40,40,10,0,0,0,,,
2003Q2,59,1.5,0,0,15,35,35,15,0,0,0,0,,,
2003Q2,60,2.4,0,0,0,5,15,30,30,15,5,0,,,
2003Q2,61,1.3,0,0,20,50,30,0,0,0,0,0,,,
2003Q2,63,,,,,,,,,,,,,,
2003Q2,64,,,,,,,,,,,,,,
2003Q2,66,,,,,,,,,,,,,,
2003Q2,67,2,,,,,,,,,,,,,
2003Q2,68,2.5,1,1,2,4,17,23,24,19,8,1,,,
2003Q2,70,1,0,0,40,40,20,0,0,0,0,0,,,
2003Q2,71,1.9,1,4,15,20,24,20,10,4,2,0,,,
2003Q2,72,1.8,1,5,12,20,25,20,10,6,1,0,,,
2003Q2,73,,,,,,,,,,,,,,
2003Q2,76,2.4,2,3,8,10,15,16,15,13,9,9,,,
2003Q2,80,2,,,,,,,,,,,,,
2003Q2,84,,,,,,,,,,,,,,
2003Q2,85,1.6,0,0,5,25,50,15,5,0,0,0,,,
2003Q2,87,1.9,0,5,15,25,35,15,5,0,0,0,,,
2003Q2,89,1.9,0,0,5,15,30,25,20,5,0,0,,,
2003Q2,90,2,0,0,0,0,25,75,0,0,0,0,,,
2003Q2,91,1.6,0,.0999001,.8991009,5.69430569,18.58141858,31.36863137,27.47252747,12.48751249,2.997003,.3996004,,,
2003Q2,92,2.4,.38303817,.9303587,3.46557534,8.54689453,15.59944401,21.07418926,21.07418926,15.59944401,8.54691453,4.7799522,,,
2003Q2,93,2,0,0,0,5,45,45,5,0,0,0,,,
2003Q2,94,2,0,0,0,10,25,30,25,10,0,0,,,
2003Q2,95,2,2,4,10,17,18,21,14,10,4,0,,,
2003Q2,96,1.5,0,5,25,40,25,5,0,0,0,0,,,
2004,1,2.5,0,0,0,10,20,20,20,20,10,0,,,
2004,2,2.5,0,0,0,5,20,40,25,10,0,0,,,
2004,3,,,,,,,,,,,,,,
2004,4,2.6,0,0,0,0,0,40,60,0,0,0,,,
2004,5,2.5,0,0,0,10,30,50,10,0,0,0,,,
2004,7,,,,,,,,,,,,,,
2004,10,2.7510577,.00000188,.00012701,.0105646,.33381068,4.09217954,19.69366882,37.58007886,28.57321245,8.6379412,1.07841496,,,
2004,11,2.7,0,0,0,0,0,20,70,10,0,0,,,
2004,14,3,0,0,0,10,20,20,20,30,0,0,,,
2004,15,2.5,0,0,0,10,20,30,35,5,0,0,,,
2004,16,2,4,5,9,17,24,25,10,5,1,0,,,
2004,17,2.5,0,0,5,15,25,20,25,10,0,0,,,
2004,19,2.7,0,0,0,0,0,10,90,0,0,0,,,
2004,20,2.2,0,0,0,0,50,50,0,0,0,0,,,
2004,22,2.1,0,5,10,15,25,35,10,0,0,0,,,
2004,24,2.5,0,0,5,10,10,20,25,20,10,0,,,
2004,26,2.7,0,0,0,0,10,20,40,20,10,0,,,
2004,28,,0,0,5,5,20,40,20,10,0,0,,,
2004,29,,,,,,,,,,,,,,
2004,30,,0,0,0,10,20,50,20,0,0,0,,,
2004,31,2.7,0,0,0,0,20,35,40,5,0,0,,,
2004,32,,,,,,,,,,,,,,
2004,33,2,0,0,0,0,50,50,0,0,0,0,,,
2004,35,,,,,,,,,,,,,,
2004,36,2.3,0,0,5,15,25,40,15,0,0,0,,,
2004,37,2.5,0,0,0,0,60,40,0,0,0,0,,,
2004,41,2.6,0,0,0,0,0,20,60,20,0,0,,,
2004,42,2.4,0,0,0,0,10,70,20,0,0,0,,,
2004,45,2.8,0,0,0,0,0,0,75,25,0,0,,,
2004,47,,,,,,,,,,,,,,
2004,48,,,,,,,,,,,,,,
2004,49,2,0,5,10,20,30,20,10,5,0,0,,,
2004,52,2.2,0,0,0,10,30,40,20,0,0,0,,,
2004,53,2.2,0,0,0,0,10,60,30,0,0,0,,,
2004,54,2.5,0,0,0,0,20,40,40,0,0,0,,,
2004,56,2.5,0,0,0,0,15,50,30,5,0,0,,,
2004,59,2.4,0,0,5,10,20,35,25,5,0,0,,,
2004,60,1.8,0,5,10,25,30,15,10,5,0,0,,,
2004,61,2.5,0,0,0,10,20,30,30,10,0,0,,,
2004,63,2.7,0,0,0,0,10,30,50,10,0,0,,,
2004,64,2.8,,,,,,,,,,,,,
2004,66,1.5,,,,,,,,,,,,,
2004,67,2.5,0,0,10,10,15,20,20,15,10,0,,,
2004,68,2.5,1,1,2,4,17,23,24,19,8,1,,,
2004,70,2.3,0,0,0,0,30,40,30,0,0,0,,,
2004,71,2.2,2,6,10,15,18,18,15,9,5,2,,,
2004,72,3,1,1,3,6,12,17,20,20,15,5,,,
2004,73,2.4,0,0,0,0,20,70,10,0,0,0,,,
2004,76,2.5,3,3,6,10,13,15,15,13,10,12,,,
2004,80,2.6,,,,,,,,,,,,,
2004,84,2.7,0,2,5,10,15,25,30,12,1,0,,,
2004,85,,,,,,,,,,,,,,
2004,87,2.5,0,0,5,10,15,30,30,10,0,0,,,
2004,89,2.5,0,0,5,5,15,25,30,15,5,0,,,
2004,90,2.4,0,0,0,0,15,80,5,0,0,0,,,
2004,91,2.3,2.80561122,6.21242485,12.7254509,19.43887776,21.84368737,18.23647295,11.32264529,5.21042084,1.70340681,.501002,,,
2004,92,2.8,14.07595337,3.72266701,5.44769806,6.26701281,6.94852507,7.42523365,7.64813767,7.59133664,7.26283073,33.61060499,,,
2004,93,2.5,0,0,0,0,10,30,60,0,0,0,,,
2004,94,2.87,0,0,0,0,10,25,30,25,10,0,,,
2004,95,2.5,2,2,5,9,13,17,22,17,12,1,,,
2004,96,2.5,0,0,5,15,25,40,15,0,0,0,,,
2004Q2,1,2.3,0,0,5,20,25,25,20,5,0,0,,,
2004Q2,2,2.5,0,0,0,0,10,40,40,10,0,0,,,
2004Q2,3,,,,,,,,,,,,,,
2004Q2,4,2.6,0,0,0,0,0,40,60,0,0,0,,,
2004Q2,5,2.5,0,0,0,0,10,60,30,0,0,0,,,
2004Q2,7,,,,,,,,,,,,,,
2004Q2,10,2.7,.00000334,.00020812,.01570311,.45020761,5.01380677,21.94537755,38.11686316,26.38215922,7.25591824,.81975289,,,
2004Q2,11,3.1,0,0,0,0,0,0,40,50,10,0,,,
2004Q2,14,3.5,,,,,,,,,,,,,
2004Q2,15,2.5,0,0,0,10,20,30,25,15,0,0,,,
2004Q2,16,1.6,5,12,14,17,19,16,8,5,3,1,,,
2004Q2,17,2.5,,,,,,,,,,,,,
2004Q2,19,2.8,0,0,0,0,0,0,75,25,0,0,,,
2004Q2,20,2.4,0,0,0,0,0,40,60,0,0,0,,,
2004Q2,22,2.3,0,5,10,15,30,30,10,0,0,0,,,
2004Q2,24,2.4,0,0,5,10,10,25,25,15,10,0,,,
2004Q2,26,2.8,0,0,0,0,10,20,40,20,10,0,,,
2004Q2,28,,0,0,5,5,20,40,20,10,0,0,,,
2004Q2,29,,,,,,,,,,,,,,
2004Q2,30,,,,,,,,,,,,,,
2004Q2,31,2.7,0,0,0,0,20,35,40,5,0,0,,,
2004Q2,32,,,,,,,,,,,,,,
2004Q2,33,2,0,0,0,0,50,50,0,0,0,0,,,
2004Q2,35,,,,,,,,,,,,,,
2004Q2,36,1.9,0,0,5,15,40,35,5,0,0,0,,,
2004Q2,37,2.4,0,0,0,0,0,55,45,0,0,0,,,
2004Q2,41,2.6,,,,,,,,,,,,,
2004Q2,42,2.4,0,0,0,0,15,60,25,0,0,0,,,
2004Q2,45,,,,,,,,,,,,,,
2004Q2,47,,,,,,,,,,,,,,
2004Q2,48,,,,,,,,,,,,,,
2004Q2,49,2.2,0,5,10,20,30,20,10,5,0,0,,,
2004Q2,52,2.2,0,0,10,10,20,30,20,10,0,0,,,
2004Q2,53,2,0,0,0,0,10,60,30,0,0,0,,,
2004Q2,54,2.3,0,0,0,10,20,50,20,0,0,0,,,
2004Q2,56,,,,,,,,,,,,,,
2004Q2,59,3,0,0,0,0,10,20,30,30,10,0,,,
2004Q2,60,2,0,0,10,15,40,25,10,0,0,0,,,
2004Q2,61,2.6,0,0,0,10,20,40,25,5,0,0,,,
2004Q2,63,,,,,,,,,,,,,,
2004Q2,64,,,,,,,,,,,,,,
2004Q2,66,,,,,,,,,,,,,,
2004Q2,67,2.4,,,,,,,,,,,,,
2004Q2,68,2.6,1,1,2,4,17,23,24,19,8,1,,,
2004Q2,70,2.3,0,0,0,0,20,50,30,0,0,0,,,
2004Q2,71,2.2,2,6,10,15,18,18,15,9,5,2,,,
2004Q2,72,2.9,2,2,3,5,10,18,20,18,12,10,,,
2004Q2,73,,,,,,,,,,,,,,
2004Q2,76,3.2,3,3,5,8,10,13,14,15,13,16,,,
2004Q2,80,2.7,,,,,,,,,,,,,
2004Q2,84,,,,,,,,,,,,,,
2004Q2,85,,,,,,,,,,,,,,
2004Q2,87,2.5,0,0,0,10,25,30,25,10,0,0,,,
2004Q2,89,2.6,0,0,5,5,15,25,30,15,5,0,,,
2004Q2,90,2.5,0,0,0,0,0,20,80,0,0,0,,,
2004Q2,91,2.1,.9009009,3.1031031,9.00900901,17.81781782,24.12412412,22.42242242,14.21421421,6.20620621,1.8018018,.4004004,,,
2004Q2,92,3,13.32638647,3.45230012,5.05684665,5.8378693,6.51288887,7.02170363,7.31591216,7.36671363,7.16730785,36.94207132,,,
2004Q2,93,2.5,0,0,0,0,10,30,60,0,0,0,,,
2004Q2,94,3.2,0,0,0,0,0,10,25,30,25,10,,,
2004Q2,95,2.6,1,3,7,9,12,16,20,17,11,4,,,
2004Q2,96,2.4,0,0,5,20,30,40,5,0,0,0,,,
2007,1,2.5,0,0,5,10,15,20,20,15,10,5,,,
2007,2,2.5,0,0,0,0,10,40,40,10,0,0,,,
2007,3,2.5,0,0,0,10,10,30,30,10,10,0,,,
2007,4,2.4,0,0,0,0,0,60,40,0,0,0,,,
2007,5,2.4,0,0,0,0,5,10,70,15,0,0,,,
2007,7,,,,,,,,,,,,,,
2007,10,2.4,.00008,.00308917,.13182812,2.14000948,13.59051977,34.134474,34.13447405,13.59051977,2.14000948,.13499672,,,
2007,11,2.5,0,0,0,0,0,40,60,0,0,0,,,
2007,14,3,,,,,,,,,,,,,
2007,15,2.5,0,0,5,10,10,35,25,10,5,0,,,
2007,16,2.5,5,6,7,8,11,15,16,15,11,6,,,
2007,17,3,,,,,,,,,,,,,
2007,19,2.5,0,0,0,0,0,40,60,0,0,0,,,
2007,20,2.6,0,0,0,0,0,40,60,0,0,0,,,
2007,22,2.7,0,0,5,5,15,25,30,15,5,0,,,
2007,24,2.5,0,0,0,5,10,30,40,10,5,0,,,
2007,26,2.5,0,0,0,5,20,25,25,20,5,0,,,
2007,28,2.25,0,0,5,5,20,40,20,5,5,0,,,
2007,29,,,,,,,,,,,,,,
2007,30,,,,,,,,,,,,,,
2007,31,2.4,,,,,,,,,,,,,
2007,32,,,,,,,,,,,,,,
2007,33,2.5,0,0,0,0,0,50,50,0,0,0,,,
2007,35,,,,,,,,,,,,,,
2007,36,2.5,0,0,0,5,15,30,35,10,5,0,,,
2007,37,2.5,0,0,0,0,0,50,50,0,0,0,,,
2007,41,2.8,,,,,,,,,,,,,
2007,42,2.5,0,0,0,0,10,35,45,10,0,0,,,
2007,45,,,,,,,,,,,,,,
2007,47,,,,,,,,,,,,,,
2007,48,,,,,,,,,,,,,,
2007,49,2.25,0,5,10,10,15,20,15,10,10,5,,,
2007,52,2.4,0,5,10,15,25,25,15,5,0,0,,,
2007,53,2.3,0,0,0,0,10,50,40,0,0,0,,,
2007,54,,,,,,,,,,,,,,
2007,56,2.3,0,0,0,0,20,55,20,5,0,0,,,
2007,59,2.4,0,0,5,15,30,30,15,5,0,0,,,
2007,60,2.5,0,0,0,5,10,30,35,15,5,0,,,
2007,61,,,,,,,,,,,,,,
2007,63,2.4,0,0,0,10,30,30,20,10,0,0,,,
2007,64,,,,,,,,,,,,,,
2007,66,1.8,,,,,,,,,,,,,
2007,67,1,,,,,,,,,,,,,
2007,68,2.35,1,1,2,4,17,25,23,19,7,1,,,
2007,70,2.2,0,0,0,0,30,50,20,0,0,0,,,
2007,71,2,2,6,10,15,18,18,15,9,5,2,,,
2007,72,2.3,7,4,7,9,12,20,18,10,6,7,,,
2007,73,,,,,,,,,,,,,,
2007,76,2.25,3,4,7,12,15,16,15,12,8,8,,,
2007,80,2.5,,,,,,,,,,,,,
2007,84,2.5,1,3,5,12,18,20,25,15,1,0,,,
2007,85,2.3,,,,,,,,,,,,,
2007,87,2.3,0,0,0,10,25,35,25,5,0,0,,,
2007,89,2.5,0,0,5,5,10,30,40,5,5,0,,,
2007,90,2.3,0,0,0,0,10,80,10,0,0,0,,,
2007,91,2.5,5.6281407,9.04522613,15.27638191,19.79899497,19.79899497,15.27638191,9.04522613,4.12060302,1.50753769,.50251256,,,
2007,92,,,,,,,,,,,,,,
2007,93,3,0,0,0,0,0,10,40,40,10,0,,,
2007,94,2.8,0,0,0,0,10,25,30,25,10,0,,,
2007,95,2.6,1,2,6,9,15,21,22,13,7,4,,,
2007,96,,,,,,,,,,,,,,
,,,,,,,,,,,,,,,
EXPECTED UNEMPLOYMENT RATE; PERCENTAGE OF LABOUR FORCE,,,,,,,,,,,,,,,
TARGET_PERIOD,FCT_SOURCE,POINT,T5_5,F5_5T5_9,F6_0T6_4,F6_5T6_9,F7_0T7_4,F7_5T7_9,F8_0T8_4,F8_5T8_9,F9_0T9_4,F9_5T9_9,F10_0T10_4,F10_5T10_9,F11_0
2002,1,8.4,0,0,0,0,0,10,45,35,10,0,0,0,0
2002,2,8.3,0,0,0,0,0,0,100,0,0,0,0,0,0
2002,3,8.6,0,0,0,0,0,0,30,60,10,0,0,0,0
2002,4,8.4,0,0,0,0,0,0,90,10,0,0,0,0,0
2002,5,8.4,0,0,0,0,0,0,85,15,0,0,0,0,0
2002,7,8.25,,,,,,,,,,,,,
2002,10,8.29447342,.25992755,.57228411,2.07589165,5.25063652,10.39468884,16.10815341,19.54052438,18.55644054,13.7948746,8.02768037,3.65662949,1.3035993,.45866925
2002,11,8.3,0,0,0,0,0,0,80,20,0,0,0,0,0
2002,14,8.4,0,0,0,0,0,0,90,10,0,0,0,0,0
2002,15,8.2,0,0,0,0,0,0,80,20,0,0,0,0,0
2002,16,8.4,0,0,0,0,0,10,40,38,12,0,0,0,0
2002,17,8.5,0,0,0,0,0,5,45,45,5,0,0,0,0
2002,19,8.3,0,0,0,0,0,0,80,20,0,0,0,0,0
2002,20,8.3,0,0,0,0,0,0,80,20,0,0,0,0,0
2002,22,8.3,0,0,0,0,0,0,70,30,0,0,0,0,0
2002,24,8.3,0,0,0,0,0,0,90,10,0,0,0,0,0
2002,26,8.3,0,0,0,0,0,0,100,0,0,0,0,0,0
2002,28,8.3,0,0,0,0,0,15,70,15,0,0,0,0,0
2002,29,8.3,0,0,0,0,0,5,90,5,0,0,0,0,0
2002,30,8.3,0,0,0,0,0,0,100,0,0,0,0,0,0
2002,31,8.3,0,0,0,0,0,0,100,0,0,0,0,0,0
2002,32,8.3,0,0,0,0,0,5,80,15,0,0,0,0,0
2002,33,8.3,0,0,0,0,0,0,100,0,0,0,0,0,0
2002,35,8.3,0,0,0,0,0,0,100,0,0,0,0,0,0
2002,36,8.5,0,0,0,0,0,25,35,40,0,0,0,0,0
2002,37,8.4,0,0,0,0,0,0,100,0,0,0,0,0,0
2002,41,8.2,0,0,0,0,0,0,100,0,0,0,0,0,0
2002,42,8.3,0,0,0,0,0,0,95,5,0,0,0,0,0
2002,45,8.3,0,0,0,0,0,0,100,0,0,0,0,0,0
2002,47,8.3,0,0,0,0,0,0,95,5,0,0,0,0,0
2002,48,8.2,0,0,0,0,0,1,98,1,0,0,0,0,0
2002,49,,,,,,,,,,,,,,
2002,52,8.3,0,0,0,0,0,0,95,5,0,0,0,0,0
2002,53,8.3,0,0,0,0,0,0,80,20,0,0,0,0,0
2002,54,8.4,0,0,0,0,0,0,60,40,0,0,0,0,0
2002,56,8.3,0,0,0,0,0,0,95,5,0,0,0,0,0
2002,59,8.3,0,0,0,0,0,20,60,20,0,0,0,0,0
2002,60,8.3,0,0,0,0,0,0,85,15,0,0,0,0,0
2002,61,8.3,0,0,0,0,0,10,80,10,0,0,0,0,0
2002,63,,,,,,,,,,,,,,
2002,64,,,,,,,,,,,,,,
2002,66,8.3,,,,,,,,,,,,,
2002,67,8.3,0,0,0,0,0,20,50,25,5,0,0,0,0
2002,68,8.9,1,1,1,1,5,10,15,25,20,12,5,3,1
2002,70,8.3,0,0,0,0,0,0,80,20,0,0,0,0,0
2002,71,8.4,0,0,0,0,0,0,90,10,0,0,0,0,0
2002,72,8.2,0,0,0,0,0,0,100,0,0,0,0,0,0
2002,73,7.9,0,0,0,0,15,80,5,0,0,0,0,0,0
2002,76,8.3,0,0,0,0,.5,12,75,12,.5,0,0,0,0
2002,80,8.3,.00001349,.0010984,.04095012,.69946766,5.50889557,20.12928622,34.29000441,27.29298769,10.1404229,1.75176638,.13988951,.00513107,.0000865709088082589
2002,84,8.3,0,0,0,0,0,0,100,0,0,0,0,0,0
2002,85,8.3,0,0,0,0,0,5,70,20,5,0,0,0,0
2002,87,8.3,0,0,0,0,0,0,70,30,0,0,0,0,0
2002,89,8.2,0,0,0,0,0,20,60,20,0,0,0,0,0
2002,90,8.3,0,0,0,0,0,0,90,10,0,0,0,0,0
2002,91,8.4,0,0,0,.3003003,6.40640641,33.43343343,44.04404404,14.61461461,1.2012012,0,0,0,0
2002,92,8.8,0,0,0,0,0,0,.0031686,84.1313314,15.8655,0,0,0,0
2002,93,8.3,0,0,0,0,0,0,80,20,0,0,0,0,0
2002,94,8.3,0,0,0,0,0,25,50,25,0,0,0,0,0
2002,95,8.25771712,0,0,0,0,0,4,91,5,0,0,0,0,0
2002,96,8.4,0,0,0,0,0,0,85,15,0,0,0,0,0
2003,1,8.3,0,0,0,0,5,25,30,30,10,0,0,0,0
2003,2,8.5,0,0,0,0,0,0,20,60,20,0,0,0,0
2003,3,8.8,0,0,0,0,0,0,30,40,20,10,0,0,0
2003,4,8.5,0,0,0,0,0,0,40,60,0,0,0,0,0
2003,5,8.3,0,0,0,0,0,5,80,15,0,0,0,0,0
2003,7,8.5,,,,,,,,,,,,,
2003,10,8.48198469,.14320006,.3479727,1.37601413,3.81546668,8.28031643,14.06587499,18.70409261,19.47026243,15.86626004,10.12122031,5.05387293,1.97517598,.78027071
2003,11,8.8,0,0,0,0,0,0,10,60,30,0,0,0,0
2003,14,8.8,0,0,0,0,0,0,0,80,20,0,0,0,0
2003,15,8,0,0,0,0,0,30,55,15,0,0,0,0,0
2003,16,8.8,0,0,.5,1,5,11,20,29,23,10,.5,0,0
2003,17,8.3,0,0,0,5,10,20,30,20,10,5,0,0,0
2003,19,7.5,0,0,0,0,0,30,70,0,0,0,0,0,0
2003,20,8.4,0,0,0,0,0,10,40,50,0,0,0,0,0
2003,22,8.5,0,0,0,0,5,10,25,40,15,5,0,0,0
2003,24,8.5,0,0,0,0,0,5,35,50,10,0,0,0,0
2003,26,8.3,0,0,0,0,0,15,60,25,0,0,0,0,0
2003,28,8.2,0,0,0,0,5,15,60,15,5,0,0,0,0
2003,29,8.4,0,0,0,0,0,5,60,35,0,0,0,0,0
2003,30,8.3,0,0,0,0,0,25,50,25,0,0,0,0,0
2003,31,8.3,0,0,0,0,0,10,70,20,0,0,0,0,0
2003,32,8.1,0,0,0,0,5,20,45,20,5,5,0,0,0
2003,33,8.3,0,0,0,0,0,10,80,10,0,0,0,0,0
2003,35,,,,,,,,,,,,,,
2003,36,8.2,0,0,0,0,10,30,35,25,0,0,0,0,0
2003,37,8.2,0,0,0,0,0,10,80,10,0,0,0,0,0
2003,41,8.3,0,0,0,0,0,20,80,0,0,0,0,0,0
2003,42,8.1,0,0,0,0,0,10,90,0,0,0,0,0,0
2003,45,8.6,0,0,0,0,0,0,0,100,0,0,0,0,0
2003,47,8.6,0,0,0,0,0,0,0,90,10,0,0,0,0
2003,48,8.6,0,0,0,0,0,0,8,90,2,0,0,0,0
2003,49,,,,,,,,,,,,,,
2003,52,8.4,0,0,0,0,0,10,60,30,0,0,0,0,0
2003,53,8.5,0,0,0,0,0,0,40,60,0,0,0,0,0
2003,54,8.5,0,0,0,0,0,0,50,50,0,0,0,0,0
2003,56,8.2,0,0,0,0,0,20,60,20,0,0,0,0,0
2003,59,8.5,0,0,0,0,0,10,30,30,20,10,0,0,0
2003,60,8.3,0,0,0,0,0,20,40,35,5,0,0,0,0
2003,61,8.3,0,0,0,0,0,15,60,25,0,0,0,0,0
2003,63,,,,,,,,,,,,,,
2003,64,,,,,,,,,,,,,,
2003,66,8.7,,,,,,,,,,,,,
2003,67,8.6,0,0,0,0,10,15,25,25,25,0,0,0,0
2003,68,8.7,1,1,2,3,7,11,20,25,15,7,4,3,1
2003,70,8.5,0,0,0,0,0,0,30,50,20,0,0,0,0
2003,71,8.3,0,0,0,0,0,5,80,15,0,0,0,0,0
2003,72,8.1,0,0,0,0,10,30,40,15,5,0,0,0,0
2003,73,7.5,0,0,0,0,40,60,0,0,0,0,0,0,0
2003,76,8.1,0,0,0,0,5,20,50,20,5,0,0,0,0
2003,80,8.3,.35919569,.9733674,2.716916,6.09507442,10.99049022,15.93005248,18.56053645,17.38381002,13.08810544,7.92093038,3.85321463,1.50655867,.62174821
2003,84,8.4,0,0,0,0,0,10,50,33,7,0,0,0,0
2003,85,8.5,0,0,0,0,0,5,30,40,20,5,0,0,0
2003,87,8.2,0,0,0,0,0,15,50,25,10,0,0,0,0
2003,89,7.8,0,0,0,5,30,45,15,5,0,0,0,0,0
2003,90,8.2,0,0,0,0,0,5,90,5,0,0,0,0,0
2003,91,8.3,0,0,.4004004,2.8028028,10.81081081,23.82382382,29.92992993,21.32132132,8.60860861,2.002002,.3003003,0,0
2003,92,8.5,0,0,.00133541,.06738476,1.32162122,10.11657012,30.56693057,36.74083674,17.59241759,3.33750334,.24830025,.00710001,0
2003,93,8.3,0,0,0,0,0,10,60,30,0,0,0,0,0
2003,94,8.4,0,0,0,0,0,30,40,30,0,0,0,0,0
2003,95,7.93193639,0,0,1,5,16,34,30,12,2,0,0,0,0
2003,96,8.5,0,0,0,0,0,0,30,65,5,0,0,0,0
2003Aug,1,8.3,0,0,0,0,10,20,30,30,10,0,0,0,0
2003Aug,2,8.6,0,0,0,0,0,0,20,60,20,0,0,0,0
2003Aug,3,8.8,0,0,0,0,0,0,30,40,20,10,0,0,0
2003Aug,4,8.5,0,0,0,0,0,0,50,50,0,0,0,0,0
2003Aug,5,8.4,0,0,0,0,0,5,80,15,0,0,0,0,0
2003Aug,7,8.5,,,,,,,,,,,,,
2003Aug,10,8.5,.13499672,.33112546,1.32031356,3.6934932,8.08668121,13.85869634,18.59190395,19.52495921,16.05182117,10.33033805,5.20402184,2.0518964,.81975289
2003Aug,11,8.7,0,0,0,0,0,0,20,60,20,0,0,0,0
2003Aug,14,8.8,,,,,,,,,,,,,
2003Aug,15,8,0,0,0,0,0,30,55,15,0,0,0,0,0
2003Aug,16,8.8,0,0,.5,1,5,11,21,26,25,10,.5,0,0
2003Aug,17,8.4,,,,,,,,,,,,,
2003Aug,19,7.7,0,0,0,0,0,90,10,0,0,0,0,0,0
2003Aug,20,8.5,0,0,0,0,0,0,50,50,0,0,0,0,0
2003Aug,22,8.5,0,0,0,0,5,10,25,40,15,5,0,0,0
2003Aug,24,8.5,0,0,0,0,0,5,40,50,5,0,0,0,0
2003Aug,26,8.2,0,0,0,0,0,10,60,30,0,0,0,0,0
2003Aug,28,,0,0,0,0,5,15,60,15,5,0,0,0,0
2003Aug,29,8.4,0,0,0,0,0,5,60,35,0,0,0,0,0
2003Aug,30,,,,,,,,,,,,,,
2003Aug,31,8.3,0,0,0,0,0,10,70,20,0,0,0,0,0
2003Aug,32,8.1,0,0,0,0,5,20,45,20,5,5,0,0,0
2003Aug,33,8,0,0,0,0,0,50,50,0,0,0,0,0,0
2003Aug,35,8.3,0,0,0,0,0,20,60,20,0,0,0,0,0
2003Aug,36,8,0,0,0,0,5,35,40,20,0,0,0,0,0
2003Aug,37,8.1,0,0,0,0,0,40,60,0,0,0,0,0,0
2003Aug,41,8.3,,,,,,,,,,,,,
2003Aug,42,8.1,0,0,0,0,0,5,95,0,0,0,0,0,0
2003Aug,45,,,,,,,,,,,,,,
2003Aug,47,8.5,,,,,,,,,,,,,
2003Aug,48,8.6,0,0,0,0,0,0,0,100,0,0,0,0,0
2003Aug,49,,,,,,,,,,,,,,
2003Aug,52,8.4,0,0,0,0,0,10,60,30,0,0,0,0,0
2003Aug,53,8.4,0,0,0,0,0,0,50,50,0,0,0,0,0
2003Aug,54,8.7,0,0,0,0,0,0,40,60,0,0,0,0,0
2003Aug,56,8.2,0,0,0,0,0,5,70,25,0,0,0,0,0
2003Aug,59,8.6,0,0,0,0,0,10,30,30,20,10,0,0,0
2003Aug,60,8.4,0,0,0,0,0,20,40,30,10,0,0,0,0
2003Aug,61,8.3,0,0,0,0,0,25,60,15,0,0,0,0,0
2003Aug,63,,,,,,,,,,,,,,
2003Aug,64,,,,,,,,,,,,,,
2003Aug,66,,,,,,,,,,,,,,
2003Aug,67,8.7,,,,,,,,,,,,,
2003Aug,68,,,,,,,,,,,,,,
2003Aug,70,,,,,,,,,,,,,,
2003Aug,71,8.2,0,0,0,0,3,7,75,12,3,0,0,0,0
2003Aug,72,8.1,0,0,0,0,10,30,40,15,5,0,0,0,0
2003Aug,73,,,,,,,,,,,,,,
2003Aug,76,8.1,0,0,0,1,7,25,40,20,6,1,0,0,0
2003Aug,80,8.3,,,,,,,,,,,,,
2003Aug,84,,,,,,,,,,,,,,
2003Aug,85,,,,,,,,,,,,,,
2003Aug,87,8.2,0,0,0,0,0,10,40,30,20,0,0,0,0
2003Aug,89,7.5,0,0,0,5,30,45,15,5,0,0,0,0,0
2003Aug,90,8.1,0,0,0,0,0,10,90,0,0,0,0,0,0
2003Aug,91,8.3,0,0,0,.8008008,7.30730731,26.42642643,38.13813814,21.92192192,5.00500501,.4004004,0,0,0
2003Aug,92,8.4,0,0,.0031686,.1318274,2.140004,13.5905,34.1345,34.1345,13.5905,2.14,.1318,.0032,0
2003Aug,93,8.3,0,0,0,0,0,10,60,30,0,0,0,0,0
2003Aug,94,8.5,0,0,0,0,0,20,40,40,0,0,0,0,0
2003Aug,95,8.1967157,0,0,1,3,12,24,27,19,10,3,1,0,0
2003Aug,96,8.5,0,0,0,0,0,0,30,65,5,0,0,0,0
2004,1,8.1,0,0,0,0,15,35,35,10,5,0,0,0,0
2004,2,8.6,0,0,0,0,0,10,20,40,30,0,0,0,0
2004,3,,,,,,,,,,,,,,
2004,4,8.3,0,0,0,0,0,10,60,30,0,0,0,0,0
2004,5,8,0,0,0,0,0,15,70,15,0,0,0,0,0
2004,7,,,,,,,,,,,,,,
2004,10,8.17226468,.37671052,.77681244,2.66400377,6.34643446,11.83391574,17.27305453,19.73646374,17.65383087,12.3614503,6.775543,2.90687646,.97604512,.31885905
2004,11,8.2,0,0,0,0,0,20,60,20,0,0,0,0,0
2004,14,8.3,0,0,0,0,0,10,70,20,0,0,0,0,0
2004,15,7.75,0,0,0,0,15,45,35,5,0,0,0,0,0
2004,16,8.6,0,0,1,4,7,8,13,23,19,17,7,1,0
2004,17,7.9,0,0,0,15,20,25,20,15,5,0,0,0,0
2004,19,6.5,0,0,0,25,75,0,0,0,0,0,0,0,0
2004,20,8,0,0,0,0,0,40,60,0,0,0,0,0,0
2004,22,8.3,0,0,0,5,10,20,35,20,10,0,0,0,0
2004,24,8.3,0,0,0,0,5,10,55,25,5,0,0,0,0
2004,26,7.9,0,0,0,0,5,60,25,10,0,0,0,0,0
2004,28,,0,0,0,5,10,20,30,20,10,5,0,0,0
2004,29,,,,,,,,,,,,,,
2004,30,8,0,0,0,0,0,40,45,15,0,0,0,0,0
2004,31,7.7,0,0,0,0,10,60,30,0,0,0,0,0,0
2004,32,,,,,,,,,,,,,,
2004,33,7.5,0,0,0,0,40,60,0,0,0,0,0,0,0
2004,35,,,,,,,,,,,,,,
2004,36,7.8,0,0,0,5,15,40,25,10,5,0,0,0,0
2004,37,7.8,0,0,0,0,0,70,30,0,0,0,0,0,0
2004,41,8.1,0,0,0,0,0,40,60,0,0,0,0,0,0
2004,42,7.8,0,0,0,0,0,80,20,0,0,0,0,0,0
2004,45,8.7,0,0,0,0,0,0,0,100,0,0,0,0,0
2004,47,,,,,,,,,,,,,,
2004,48,,,,,,,,,,,,,,
2004,49,,,,,,,,,,,,,,
2004,52,8,0,0,0,0,0,40,50,10,0,0,0,0,0
2004,53,8.3,0,0,0,0,0,20,70,10,0,0,0,0,0
2004,54,7.8,0,0,0,0,0,60,40,0,0,0,0,0,0
2004,56,7.9,0,0,0,0,5,55,30,10,0,0,0,0,0
2004,59,8,0,0,0,5,15,30,30,15,5,0,0,0,0
2004,60,8,0,0,0,0,10,25,35,20,10,0,0,0,0
2004,61,7.9,0,0,0,0,5,50,40,5,0,0,0,0,0
2004,63,,,,,,,,,,,,,,
2004,64,,,,,,,,,,,,,,
2004,66,9,,,,,,,,,,,,,
2004,67,8.2,0,0,0,0,15,25,25,25,10,0,0,0,0
2004,68,,,,,,,,,,,,,,
2004,70,8.3,0,0,0,0,0,20,50,30,0,0,0,0,0
2004,71,8,0,0,0,0,5,10,70,10,5,0,0,0,0
2004,72,7.8,0,0,0,0,17,36,32,10,5,0,0,0,0
2004,73,,,,,,,,,,,,,,
2004,76,7.7,0,0,2.5,7.5,20,40,20,7.5,2.5,0,0,0,0
2004,80,8.2,,,,,,,,,,,,,
2004,84,8.2,0,0,0,0,3,35,40,20,2,0,0,0,0
2004,85,,,,,,,,,,,,,,
2004,87,8,0,0,0,0,5,30,40,25,0,0,0,0,0
2004,89,7.2,0,0,5,10,35,25,15,5,5,0,0,0,0
2004,90,7.8,0,0,0,0,0,80,20,0,0,0,0,0,0
2004,91,7.8,0,0,.2002002,1.3013013,4.9049049,12.31231231,21.22122122,24.82482482,19.61961962,9.30930931,5.00500501,1.1011011,.2002002
2004,92,8,.0177561,.11724219,.97856064,4.69067974,13.76429399,24.75212079,27.29526402,18.45851379,7.65223009,1.94293303,.30180513,.02860049,0
2004,93,8,0,0,0,0,0,40,55,5,0,0,0,0,0
2004,94,8.3,0,0,0,0,0,30,40,30,0,0,0,0,0
2004,95,7.48228589,0,2,9,14,23,22,15,10,5,0,0,0,0
2004,96,8.5,0,0,0,0,0,0,40,50,10,0,0,0,0
2004Aug,1,8,0,0,0,5,15,25,25,20,10,0,0,0,0
2004Aug,2,8.5,0,0,0,0,0,10,20,40,30,0,0,0,0
2004Aug,3,,,,,,,,,,,,,,
2004Aug,4,8.3,0,0,0,0,0,10,60,30,0,0,0,0,0
2004Aug,5,8.1,0,0,0,0,0,15,70,15,0,0,0,0,0
2004Aug,7,,,,,,,,,,,,,,
2004Aug,10,8.2,.34670231,.7257058,2.52061845,6.0870284,11.50547844,17.02333086,19.71710446,17.87767343,12.68938468,7.05042999,3.06620329,1.04363759,.34670231
2004Aug,11,8.1,0,0,0,0,0,30,60,10,0,0,0,0,0
2004Aug,14,8,,,,,,,,,,,,,
2004Aug,15,7.8,0,0,0,0,15,45,35,5,0,0,0,0,0
2004Aug,16,8.5,0,0,1,4,7,9,15,19,18,17,9,1,0
2004Aug,17,8,,,,,,,,,,,,,
2004Aug,19,6.4,0,0,0,10,90,0,0,0,0,0,0,0,0
2004Aug,20,8.2,0,0,0,0,0,50,50,0,0,0,0,0,0
2004Aug,22,8.3,0,0,0,5,10,20,35,20,10,0,0,0,0
2004Aug,24,8.2,0,0,0,0,5,25,50,15,5,0,0,0,0
2004Aug,26,7.8,0,0,0,0,5,55,25,15,0,0,0,0,0
2004Aug,28,,0,0,0,5,10,20,30,20,10,5,0,0,0
2004Aug,29,,,,,,,,,,,,,,
2004Aug,30,,,,,,,,,,,,,,
2004Aug,31,7.7,0,0,0,0,10,60,30,0,0,0,0,0,0
2004Aug,32,,,,,,,,,,,,,,
2004Aug,33,7.3,0,0,0,0,100,0,0,0,0,0,0,0,0
2004Aug,35,,,,,,,,,,,,,,
2004Aug,36,7.6,0,0,0,5,25,40,20,10,0,0,0,0,0
2004Aug,37,7.5,0,0,0,0,50,50,0,0,0,0,0,0,0
2004Aug,41,8.1,,,,,,,,,,,,,
2004Aug,42,7.8,0,0,0,0,0,75,25,0,0,0,0,0,0
2004Aug,45,,,,,,,,,,,,,,
2004Aug,47,,,,,,,,,,,,,,
2004Aug,48,,,,,,,,,,,,,,
2004Aug,49,,,,,,,,,,,,,,
2004Aug,52,7.9,0,0,0,0,0,50,40,10,0,0,0,0,0
2004Aug,53,8.2,0,0,0,0,0,20,70,10,0,0,0,0,0
2004Aug,54,8,0,0,0,0,0,40,60,0,0,0,0,0,0
2004Aug,56,,,,,,,,,,,,,,
2004Aug,59,7.9,0,0,0,5,15,30,30,15,5,0,0,0,0
2004Aug,60,8.2,0,0,0,0,10,20,30,20,15,5,0,0,0
2004Aug,61,7.9,0,0,0,0,5,60,30,5,0,0,0,0,0
2004Aug,63,,,,,,,,,,,,,,
2004Aug,64,,,,,,,,,,,,,,
2004Aug,66,,,,,,,,,,,,,,
2004Aug,67,8.2,,,,,,,,,,,,,
2004Aug,68,,,,,,,,,,,,,,
2004Aug,70,,,,,,,,,,,,,,
2004Aug,71,8,0,0,0,0,5,10,70,10,5,0,0,0,0
2004Aug,72,7.8,0,0,0,0,17,36,32,10,5,0,0,0,0
2004Aug,73,,,,,,,,,,,,,,
2004Aug,76,7.6,0,.5,2,10,20,35,20,10,2,.5,0,0,0
2004Aug,80,8.2,,,,,,,,,,,,,
2004Aug,84,,,,,,,,,,,,,,
2004Aug,85,,,,,,,,,,,,,,
2004Aug,87,8,0,0,0,0,0,10,35,30,15,10,0,0,0
2004Aug,89,7,0,0,5,10,35,25,15,5,5,0,0,0,0
2004Aug,90,7.8,0,0,0,0,0,80,20,0,0,0,0,0,0
2004Aug,91,8,0,0,.2002002,1.4014014,6.10610611,16.11611612,26.22622623,26.22622623,16.11611612,5.80580581,1.6016016,.2002002,0
2004Aug,92,7.8,.53008558,1.20802009,4.25248047,9.87469175,16.97016242,21.58759777,20.32681542,14.16780165,7.30899767,2.79046093,.78818897,.16469769,.02999958
2004Aug,93,8,0,0,0,0,0,40,55,5,0,0,0,0,0
2004Aug,94,8.5,0,0,0,0,0,10,25,30,25,10,0,0,0
2004Aug,95,7.92307905,0,1,4,9,18,23,20,14,7,3,1,0,0
2004Aug,96,,0,0,0,0,0,0,40,50,10,0,0,0,0
2007,1,6.5,5,15,25,25,20,7,3,0,0,0,0,0,0
2007,2,8,0,0,0,5,10,20,30,20,10,5,0,0,0
2007,3,7.3,0,0,10,20,30,10,10,10,10,0,0,0,0
2007,4,7.7,0,0,0,0,10,50,30,10,0,0,0,0,0
2007,5,7.8,0,0,0,0,10,55,30,5,0,0,0,0,0
2007,7,,,,,,,,,,,,,,
2007,10,8,.62096799,1.16546776,3.6934932,8.08668121,13.85869634,18.59190395,19.52495921,16.05182117,10.33033805,5.20402184,2.0518964,.63316487,.18658801
2007,11,7.5,0,0,0,0,50,50,0,0,0,0,0,0,0
2007,14,7,,,,,,,,,,,,,
2007,15,7.5,0,0,0,10.52631579,36.84210526,31.57894737,15.78947368,5.26315789,0,0,0,0,0
2007,16,6.5,8,11,13,15,13,11,8,7,6,5,3,0,0
2007,17,6.5,,,,,,,,,,,,,
2007,19,5.5,0,50,50,0,0,0,0,0,0,0,0,0,0
2007,20,7.6,0,0,0,0,50,50,0,0,0,0,0,0,0
2007,22,7,0,5,10,20,30,20,10,5,0,0,0,0,0
2007,24,6.8,0,5,20,40,20,10,5,0,0,0,0,0,0
2007,26,7.3,0,0,10,20,35,20,10,5,0,0,0,0,0
2007,28,8,0,0,0,5,10,20,30,20,10,5,0,0,0
2007,29,,,,,,,,,,,,,,
2007,30,,,,,,,,,,,,,,
2007,31,6.7,,,,,,,,,,,,,
2007,32,,,,,,,,,,,,,,
2007,33,7,0,0,0,50,50,0,0,0,0,0,0,0,0
2007,35,,,,,,,,,,,,,,
2007,36,7,0,5,5,10,30,20,15,10,5,0,0,0,0
2007,37,7,0,0,0,50,50,0,0,0,0,0,0,0,0
2007,41,5.5,,,,,,,,,,,,,
2007,42,7,0,0,0,20,70,10,0,0,0,0,0,0,0
2007,45,,,,,,,,,,,,,,
2007,47,,,,,,,,,,,,,,
2007,48,,,,,,,,,,,,,,
2007,49,,,,,,,,,,,,,,
2007,52,7,0,0,5,15,25,20,20,10,5,0,0,0,0
2007,53,7,0,0,0,10,60,30,0,0,0,0,0,0,0
2007,54,,,,,,,,,,,,,,
2007,56,7.5,0,0,0,0,30,50,20,0,0,0,0,0,0
2007,59,6,15,25,25,20,10,5,0,0,0,0,0,0,0
2007,60,7,0,5,15,30,25,15,10,0,0,0,0,0,0
2007,61,,,,,,,,,,,,,,
2007,63,,,,,,,,,,,,,,
2007,64,,,,,,,,,,,,,,
2007,66,,,,,,,,,,,,,,
2007,67,9,,,,,,,,,,,,,
2007,68,,,,,,,,,,,,,,
2007,70,,,,,,,,,,,,,,
2007,71,7.3,0,0,5,15,25,20,20,10,5,0,0,0,0
2007,72,7.5,0,1,2,8,18,24,18,13,8,5,2,1,0
2007,73,,,,,,,,,,,,,,
2007,76,6.5,11.5,12,17.5,22.5,15,10,6,3,1.5,.75,.25,0,0
2007,80,8,,,,,,,,,,,,,
2007,84,7.8,0,0,0,2,25,32,27,12,2,0,0,0,0
2007,85,,,,,,,,,,,,,,
2007,87,7,0,0,5,20,30,30,10,5,0,0,0,0,0
2007,89,6.5,20,10,15,45,5,5,0,0,0,0,0,0,0
2007,90,7.5,0,0,0,0,15,80,5,0,0,0,0,0,0
2007,91,7.5,0,0,.1,.7,2.7,7.9,15.9,22.7,22.7,11.6,11.4,3.5,.8
2007,92,,,,,,,,,,,,,,
2007,93,7,0,0,0,40,50,10,0,0,0,0,0,0,0
2007,94,8.5,0,0,0,0,0,10,25,30,25,10,0,0,0
2007,95,6.99697024,2,6,15,25,24,17,9,2,0,0,0,0,0
2007,96,,,,,,,,,,,,,,
,,,,,,,,,,,,,,,
ASSUMPTIONS,,,,,,,,,,,,,,,
TARGET_PERIOD,FCT_SOURCE,OIL,USD,IR,,,,,,,,,,,
2002Q4,1,28,.98,3.25,,,,,,,,,,,
2002Q4,4,25,.98,3.25,,,,,,,,,,,
2002Q4,5,28,.98,3.25,,,,,,,,,,,
2002Q4,7,28,.98,3.2,,,,,,,,,,,
2002Q4,11,32,1,2.75,,,,,,,,,,,
2002Q4,14,28,1,2.9,,,,,,,,,,,
2002Q4,16,28,.98,2.75,,,,,,,,,,,
2002Q4,17,35,,3.75,,,,,,,,,,,
2002Q4,19,26,1,3.25,,,,,,,,,,,
2002Q4,20,27,.95,3,,,,,,,,,,,
2002Q4,22,27,.99,3,,,,,,,,,,,
2002Q4,26,29,1,2.75,,,,,,,,,,,
2002Q4,28,23.8,.98,3.13,,,,,,,,,,,
2002Q4,29,28,.98,3,,,,,,,,,,,
2002Q4,30,29.1,.98,3.25,,,,,,,,,,,
2002Q4,31,29,.98,3.25,,,,,,,,,,,
2002Q4,32,25.7,1,3.25,,,,,,,,,,,
2002Q4,36,27,.98,3.5,,,,,,,,,,,
2002Q4,37,27,.99,3,,,,,,,,,,,
2002Q4,41,28.5,.97,3.25,,,,,,,,,,,
2002Q4,42,27.6,1,3.25,,,,,,,,,,,
2002Q4,47,28,1,3.1,,,,,,,,,,,
2002Q4,48,28,.99,3.25,,,,,,,,,,,
2002Q4,49,25,.96,3.25,,,,,,,,,,,
2002Q4,52,30,1,3.25,,,,,,,,,,,
2002Q4,53,30,.98,2.75,,,,,,,,,,,
2002Q4,54,30,.95,3.25,,,,,,,,,,,
2002Q4,56,26,1,3.25,,,,,,,,,,,
2002Q4,59,28,1,3.25,,,,,,,,,,,
2002Q4,60,27,.97,3.25,,,,,,,,,,,
2002Q4,61,30,.98,3.25,,,,,,,,,,,
2002Q4,63,28,.97,2.75,,,,,,,,,,,
2002Q4,64,31.5,.99,2.75,,,,,,,,,,,
2002Q4,66,25.5,1.02,3,,,,,,,,,,,
2002Q4,67,28,1.03,3.25,,,,,,,,,,,
2002Q4,68,,,3.25,,,,,,,,,,,
2002Q4,70,27,1,2.75,,,,,,,,,,,
2002Q4,71,27,.98,3.25,,,,,,,,,,,
2002Q4,72,27,1,3.25,,,,,,,,,,,
2002Q4,73,,1,3.25,,,,,,,,,,,
2002Q4,76,30,.99,3.25,,,,,,,,,,,
2002Q4,80,27.97,.98,3.3,,,,,,,,,,,
2002Q4,84,,.97,3,,,,,,,,,,,
2002Q4,85,28.3,.98,3.25,,,,,,,,,,,
2002Q4,87,27,1,3.25,,,,,,,,,,,
2002Q4,89,29,1,3,,,,,,,,,,,
2002Q4,90,27.8,1,2.75,,,,,,,,,,,
2002Q4,91,26,1,3.25,,,,,,,,,,,
2002Q4,93,26,.97,3,,,,,,,,,,,
2002Q4,94,30,.98,3,,,,,,,,,,,
2002Q4,95,26,.99,3.25,,,,,,,,,,,
2002Q4,96,29,1.02,3.25,,,,,,,,,,,
2003Q1,1,28,.99,3.25,,,,,,,,,,,
2003Q1,4,22,.98,3.25,,,,,,,,,,,
2003Q1,5,27,.99,3.25,,,,,,,,,,,
2003Q1,7,26,1,3,,,,,,,,,,,
2003Q1,11,35,1,2,,,,,,,,,,,
2003Q1,14,25,1,2.75,,,,,,,,,,,
2003Q1,16,26,.97,2.75,,,,,,,,,,,
2003Q1,17,30,,3.75,,,,,,,,,,,
2003Q1,19,24,1.03,3,,,,,,,,,,,
2003Q1,20,27,.97,3,,,,,,,,,,,
2003Q1,22,26,1.02,2.75,,,,,,,,,,,
2003Q1,26,35,1,2,,,,,,,,,,,
2003Q1,28,25.75,.96,3,,,,,,,,,,,
2003Q1,29,26,.98,2.9,,,,,,,,,,,
2003Q1,30,30,.97,3.25,,,,,,,,,,,
2003Q1,31,29,.98,3.25,,,,,,,,,,,
2003Q1,32,25.2,1.02,3.25,,,,,,,,,,,
2003Q1,36,24,.98,3.5,,,,,,,,,,,
2003Q1,37,26,1,2.75,,,,,,,,,,,
2003Q1,41,29,.95,3.25,,,,,,,,,,,
2003Q1,42,25.7,.98,3,,,,,,,,,,,
2003Q1,47,27,1,2.75,,,,,,,,,,,
2003Q1,48,28,1.01,3.25,,,,,,,,,,,
2003Q1,49,25,1,2.75,,,,,,,,,,,
2003Q1,52,23,1,2.75,,,,,,,,,,,
2003Q1,53,40,1,2.75,,,,,,,,,,,
2003Q1,54,30,.95,3.25,,,,,,,,,,,
2003Q1,56,25,1.02,3.25,,,,,,,,,,,
2003Q1,59,28,1,3,,,,,,,,,,,
2003Q1,60,25,.98,3.25,,,,,,,,,,,
2003Q1,61,30,.98,3.25,,,,,,,,,,,
2003Q1,63,22,.96,2.75,,,,,,,,,,,
2003Q1,64,31.5,.99,2.75,,,,,,,,,,,
2003Q1,66,25.2,1.03,2.75,,,,,,,,,,,
2003Q1,67,30,1,3,,,,,,,,,,,
2003Q1,68,,,3.25,,,,,,,,,,,
2003Q1,70,27,1,2.75,,,,,,,,,,,
2003Q1,71,26,1,3.25,,,,,,,,,,,
2003Q1,72,25,1,3.25,,,,,,,,,,,
2003Q1,73,,.95,3.25,,,,,,,,,,,
2003Q1,76,32,1.01,3.25,,,,,,,,,,,
2003Q1,80,27.97,.97,3,,,,,,,,,,,
2003Q1,84,,.95,3,,,,,,,,,,,
2003Q1,85,28.5,.97,3.25,,,,,,,,,,,
2003Q1,87,26,1,3,,,,,,,,,,,
2003Q1,89,30,1.02,2.8,,,,,,,,,,,
2003Q1,90,27.8,1.01,2.75,,,,,,,,,,,
2003Q1,91,25,.98,3.25,,,,,,,,,,,
2003Q1,93,26,.98,3,,,,,,,,,,,
2003Q1,94,30,1,3,,,,,,,,,,,
2003Q1,95,25,1,3.25,,,,,,,,,,,
2003Q1,96,31,1.05,3.25,,,,,,,,,,,
2003Q2,1,25,1,3.25,,,,,,,,,,,
2003Q2,4,20,.96,3.5,,,,,,,,,,,
2003Q2,5,25,.99,3.25,,,,,,,,,,,
2003Q2,7,25,1,3.25,,,,,,,,,,,
2003Q2,11,28,.97,2.5,,,,,,,,,,,
2003Q2,14,25,1,2.75,,,,,,,,,,,
2003Q2,16,26,1.02,2.75,,,,,,,,,,,
2003Q2,17,25,,4,,,,,,,,,,,
2003Q2,19,22,1.03,3,,,,,,,,,,,
2003Q2,20,26,.97,3,,,,,,,,,,,
2003Q2,22,26,1.05,2.75,,,,,,,,,,,
2003Q2,26,25,.97,2.5,,,,,,,,,,,
2003Q2,28,25.75,1.08,3,,,,,,,,,,,
2003Q2,29,25,1,2.9,,,,,,,,,,,
2003Q2,30,26,.99,3.25,,,,,,,,,,,
2003Q2,31,26,.98,3.25,,,,,,,,,,,
2003Q2,32,25,1,3.25,,,,,,,,,,,
2003Q2,36,24,.96,3.25,,,,,,,,,,,
2003Q2,37,26,1.04,2.75,,,,,,,,,,,
2003Q2,41,29,.95,3.25,,,,,,,,,,,
2003Q2,42,24.8,.97,3,,,,,,,,,,,
2003Q2,47,25,1.01,2.75,,,,,,,,,,,
2003Q2,48,28,1.02,3.25,,,,,,,,,,,
2003Q2,49,25,1.08,2.75,,,,,,,,,,,
2003Q2,52,21,1.05,2.75,,,,,,,,,,,
2003Q2,53,28,1,3,,,,,,,,,,,
2003Q2,54,25,1,3.5,,,,,,,,,,,
2003Q2,56,23,1.05,3.25,,,,,,,,,,,
2003Q2,59,24,1,3,,,,,,,,,,,
2003Q2,60,24,.99,3.5,,,,,,,,,,,
2003Q2,61,28,.97,3.25,,,,,,,,,,,
2003Q2,63,22,.96,2.75,,,,,,,,,,,
2003Q2,64,26.5,.99,2.75,,,,,,,,,,,
2003Q2,66,24.9,1.05,2.75,,,,,,,,,,,
2003Q2,67,28,1,3,,,,,,,,,,,
2003Q2,68,,,3.25,,,,,,,,,,,
2003Q2,70,27,1.03,2.75,,,,,,,,,,,
2003Q2,71,25,1,3.25,,,,,,,,,,,
2003Q2,72,25,1,3.25,,,,,,,,,,,
2003Q2,73,,.95,3,,,,,,,,,,,
2003Q2,76,30,1.07,3.5,,,,,,,,,,,
2003Q2,80,27.05,.97,3,,,,,,,,,,,
2003Q2,84,,.98,3,,,,,,,,,,,
2003Q2,85,26,.96,3.25,,,,,,,,,,,
2003Q2,87,25,1.05,3,,,,,,,,,,,
2003Q2,89,22,1.04,2.8,,,,,,,,,,,
2003Q2,90,27.3,.99,3.25,,,,,,,,,,,
2003Q2,91,24,.97,3.25,,,,,,,,,,,
2003Q2,93,26,1,3,,,,,,,,,,,
2003Q2,94,25,1.02,3,,,,,,,,,,,
2003Q2,95,25,1.02,3.25,,,,,,,,,,,
2003Q2,96,28,1.05,3.25,,,,,,,,,,,
2003Q3,1,25,1.02,3.25,,,,,,,,,,,
2003Q3,4,22,.92,3.75,,,,,,,,,,,
2003Q3,5,24,.97,3.5,,,,,,,,,,,
2003Q3,7,24,1,3.5,,,,,,,,,,,
2003Q3,11,15,.95,3,,,,,,,,,,,
2003Q3,14,25,1,3.25,,,,,,,,,,,
2003Q3,16,26,1,2.75,,,,,,,,,,,
2003Q3,17,25,,4.25,,,,,,,,,,,
2003Q3,19,22,1.05,3.25,,,,,,,,,,,
2003Q3,20,26,.95,3,,,,,,,,,,,
2003Q3,22,28,1.03,3,,,,,,,,,,,
2003Q3,26,18,.95,3,,,,,,,,,,,
2003Q3,28,25.75,1.1,3.13,,,,,,,,,,,
2003Q3,29,25,1,2.9,,,,,,,,,,,
2003Q3,30,23,1,3.25,,,,,,,,,,,
2003Q3,31,25,.98,3.25,,,,,,,,,,,
2003Q3,32,25.5,1,3.25,,,,,,,,,,,
2003Q3,36,25,.94,3.25,,,,,,,,,,,
2003Q3,37,27,1.07,3,,,,,,,,,,,
2003Q3,41,25,1,3.5,,,,,,,,,,,
2003Q3,42,24.1,.97,3,,,,,,,,,,,
2003Q3,47,24,1.01,2.75,,,,,,,,,,,
2003Q3,48,28,1.04,3.25,,,,,,,,,,,
2003Q3,49,25,1.01,3,,,,,,,,,,,
2003Q3,52,19,1.08,3,,,,,,,,,,,
2003Q3,53,25,1,3.25,,,,,,,,,,,
2003Q3,54,25,1.05,3.75,,,,,,,,,,,
2003Q3,56,23,1.05,3.25,,,,,,,,,,,
2003Q3,59,22,1.05,3,,,,,,,,,,,
2003Q3,60,23,1.02,3.75,,,,,,,,,,,
2003Q3,61,28,.95,3.5,,,,,,,,,,,
2003Q3,63,22,.97,2.75,,,,,,,,,,,
2003Q3,64,26.5,.99,2.75,,,,,,,,,,,
2003Q3,66,24.5,1.07,2.75,,,,,,,,,,,
2003Q3,67,26,.98,3.5,,,,,,,,,,,
2003Q3,68,,,3.5,,,,,,,,,,,
2003Q3,70,25,1.05,3,,,,,,,,,,,
2003Q3,71,25,1,3.25,,,,,,,,,,,
2003Q3,72,25,1,3.25,,,,,,,,,,,
2003Q3,73,,.9,3,,,,,,,,,,,
2003Q3,76,25,1.13,3.75,,,,,,,,,,,
2003Q3,80,25.01,.97,3,,,,,,,,,,,
2003Q3,84,,1,3.25,,,,,,,,,,,
2003Q3,85,24.1,.95,3.5,,,,,,,,,,,
2003Q3,87,24,1.05,3.25,,,,,,,,,,,
2003Q3,89,24,1.06,2.8,,,,,,,,,,,
2003Q3,90,26.3,.97,3.5,,,,,,,,,,,
2003Q3,91,24,.96,3.25,,,,,,,,,,,
2003Q3,93,26,1,3.25,,,,,,,,,,,
2003Q3,94,25,1.02,3.25,,,,,,,,,,,
2003Q3,95,23,1.05,3.5,,,,,,,,,,,
2003Q3,96,23,1,3.5,,,,,,,,,,,
2003Q4,1,26,1.03,3.5,,,,,,,,,,,
2003Q4,4,24,.92,4,,,,,,,,,,,
2003Q4,5,25,.97,3.75,,,,,,,,,,,
2003Q4,7,23,1,3.5,,,,,,,,,,,
2003Q4,11,18,.97,3.5,,,,,,,,,,,
2003Q4,14,25,1,3.25,,,,,,,,,,,
2003Q4,16,26,1,3,,,,,,,,,,,
2003Q4,17,25,,4.5,,,,,,,,,,,
2003Q4,19,20,1.05,3.5,,,,,,,,,,,
2003Q4,20,27,.93,3,,,,,,,,,,,
2003Q4,22,28,1.03,3.5,,,,,,,,,,,
2003Q4,26,23,.97,3.5,,,,,,,,,,,
2003Q4,28,25.75,1.12,3.25,,,,,,,,,,,
2003Q4,29,25,1.03,2.9,,,,,,,,,,,
2003Q4,30,25,1.02,3.5,,,,,,,,,,,
2003Q4,31,25,.98,3.25,,,,,,,,,,,
2003Q4,32,26.5,1,3.5,,,,,,,,,,,
2003Q4,36,26,.92,3.25,,,,,,,,,,,
2003Q4,37,28,1.07,3.25,,,,,,,,,,,
2003Q4,41,25,1,3.5,,,,,,,,,,,
2003Q4,42,23.5,.97,3,,,,,,,,,,,
2003Q4,47,24,1.02,3.25,,,,,,,,,,,
2003Q4,48,28,1.05,3.25,,,,,,,,,,,
2003Q4,49,25,1.12,3,,,,,,,,,,,
2003Q4,52,17,1.08,3.25,,,,,,,,,,,
2003Q4,53,24,1.02,3.25,,,,,,,,,,,
2003Q4,54,25,1.05,4,,,,,,,,,,,
2003Q4,56,25,1,3.75,,,,,,,,,,,
2003Q4,59,20,1.05,3.25,,,,,,,,,,,
2003Q4,60,23,1.05,4,,,,,,,,,,,
2003Q4,61,30,.95,3.75,,,,,,,,,,,
2003Q4,63,22,1,3,,,,,,,,,,,
2003Q4,64,26.5,.99,3,,,,,,,,,,,
2003Q4,66,24,1.1,2.75,,,,,,,,,,,
2003Q4,67,25,.98,3.75,,,,,,,,,,,
2003Q4,68,,,3.75,,,,,,,,,,,
2003Q4,70,25,1.05,3.25,,,,,,,,,,,
2003Q4,71,25,1,3.5,,,,,,,,,,,
2003Q4,72,25,1,3.5,,,,,,,,,,,
2003Q4,73,,.9,3.25,,,,,,,,,,,
2003Q4,76,20,1.15,3.75,,,,,,,,,,,
2003Q4,80,23.97,.97,3,,,,,,,,,,,
2003Q4,84,,1.02,3.5,,,,,,,,,,,
2003Q4,85,23.2,.93,3.75,,,,,,,,,,,
2003Q4,87,23,1.1,3.5,,,,,,,,,,,
2003Q4,89,25,1.1,3.5,,,,,,,,,,,
2003Q4,90,25,.96,3.75,,,,,,,,,,,
2003Q4,91,23,.95,3.5,,,,,,,,,,,
2003Q4,93,26,1.02,3.5,,,,,,,,,,,
2003Q4,94,25,1,3.25,,,,,,,,,,,
2003Q4,95,22,1.07,3.75,,,,,,,,,,,
2003Q4,96,19,.96,3.75,,,,,,,,,,,
